PDT,mintempm,maxtempm,meantempm,mintempi,maxtempi,meantempi,fog,rain,snow,hail,thunder,tornado
2014-01-01,0,15,8,32,59,46,0,0,0,0,0,0
2014-01-02,2,17,9,35,62,48,0,0,0,0,0,0
2014-01-03,3,16,9,37,60,48,0,0,0,0,0,0
2014-01-04,3,20,11,37,68,52,1,0,0,0,0,0
2014-01-05,1,19,10,33,66,50,0,0,0,0,0,0
2014-01-06,3,14,8,37,57,46,0,0,0,0,0,0
2014-01-07,5,17,11,41,62,52,0,0,0,0,0,0
2014-01-08,11,14,12,51,57,54,0,0,0,0,0,0
2014-01-09,3,16,9,37,60,48,0,1,0,0,0,0
2014-01-10,4,17,10,39,62,50,0,0,0,0,0,0
2014-01-11,8,14,11,46,57,52,0,0,0,0,0,0
2014-01-12,5,15,10,41,59,50,0,0,0,0,0,0
2014-01-13,5,20,12,41,68,54,0,0,0,0,0,0
2014-01-14,4,23,13,39,73,55,0,0,0,0,0,0
2014-01-15,3,23,13,37,73,55,0,0,0,0,0,0
2014-01-16,2,23,12,35,73,54,0,0,0,0,0,0
2014-01-17,2,20,11,35,68,52,0,0,0,0,0,0
2014-01-18,1,17,9,33,62,48,0,0,0,0,0,0
2014-01-19,1,18,9,33,64,48,0,0,0,0,0,0
2014-01-20,2,19,10,35,66,50,0,0,0,0,0,0
2014-01-21,2,19,10,35,66,50,0,0,0,0,0,0
2014-01-22,1,19,10,33,66,50,0,0,0,0,0,0
2014-01-23,4,21,12,39,69,54,0,0,0,0,0,0
2014-01-24,4,17,10,39,62,50,0,0,0,0,0,0
2014-01-25,6,22,13,42,71,55,0,0,0,0,0,0
2014-01-26,7,19,13,44,66,55,0,0,0,0,0,0
2014-01-27,9,15,12,48,59,54,0,0,0,0,0,0
2014-01-28,10,19,14,50,66,57,0,0,0,0,0,0
2014-01-29,13,18,16,55,64,61,1,0,0,0,0,0
2014-01-30,12,17,14,53,62,57,0,0,0,0,0,0
2014-01-31,6,17,11,42,62,52,0,0,0,0,0,0
2014-02-01,3,15,9,37,59,48,0,0,0,0,0,0
2014-02-02,7,12,9,44,53,48,0,1,0,0,0,0
2014-02-03,5,13,9,41,55,48,0,0,0,0,0,0
2014-02-04,5,14,9,41,57,48,0,0,0,0,0,0
2014-02-05,6,13,9,42,55,48,0,1,0,0,0,0
2014-02-06,9,13,11,48,55,52,0,1,0,0,0,0
2014-02-07,10,13,11,50,55,52,0,1,0,0,0,0
2014-02-08,13,18,16,55,64,61,0,0,0,0,0,0
2014-02-09,15,18,17,59,64,63,0,1,0,0,0,0
2014-02-10,11,16,13,51,60,55,0,0,0,0,0,0
2014-02-11,10,16,13,50,60,55,0,0,0,0,0,0
2014-02-12,10,16,13,50,60,55,0,0,0,0,0,0
2014-02-13,11,20,16,51,68,61,1,0,0,0,0,0
2014-02-14,11,17,14,51,62,57,1,0,0,0,0,0
2014-02-15,8,17,12,46,62,54,0,0,0,0,0,0
2014-02-16,9,18,13,48,64,55,0,0,0,0,0,0
2014-02-17,6,17,11,42,62,52,0,0,0,0,0,0
2014-02-18,6,20,13,42,68,55,0,0,0,0,0,0
2014-02-19,11,19,16,51,66,61,0,0,0,0,0,0
2014-02-20,8,21,14,46,69,57,0,0,0,0,0,0
2014-02-21,4,22,13,39,71,55,0,0,0,0,0,0
2014-02-22,10,20,15,50,68,59,0,0,0,0,0,0
2014-02-23,10,20,15,50,68,59,0,0,0,0,0,0
2014-02-24,5,24,14,41,75,57,0,0,0,0,0,0
2014-02-25,11,19,14,51,66,57,0,0,0,0,0,0
2014-02-26,13,17,14,55,62,57,0,1,0,0,0,0
2014-02-27,13,19,16,55,66,61,0,0,0,0,0,0
2014-02-28,12,16,14,53,60,57,0,1,0,0,0,0
2014-03-01,13,20,17,55,68,63,0,1,0,0,0,0
2014-03-02,13,18,16,55,64,61,0,1,0,0,0,0
2014-03-03,10,17,13,50,62,55,0,1,0,0,0,0
2014-03-04,13,19,16,55,66,61,0,0,0,0,0,0
2014-03-05,13,22,17,55,71,63,0,0,0,0,0,0
2014-03-06,13,19,16,55,66,61,0,0,0,0,0,0
2014-03-07,7,21,13,44,69,55,0,0,0,0,0,0
2014-03-08,8,24,16,46,75,61,0,0,0,0,0,0
2014-03-09,13,24,18,55,75,64,0,0,0,0,0,0
2014-03-10,14,21,17,57,69,63,0,1,0,0,0,0
2014-03-11,13,22,17,55,71,63,0,0,0,0,0,0
2014-03-12,14,25,19,57,77,66,0,0,0,0,0,0
2014-03-13,8,26,17,46,78,63,0,0,0,0,0,0
2014-03-14,8,21,14,46,69,57,0,0,0,0,0,0
2014-03-15,8,27,17,46,80,63,0,0,0,0,0,0
2014-03-16,8,23,16,46,73,61,0,0,0,0,0,0
2014-03-17,12,22,17,53,71,63,0,0,0,0,0,0
2014-03-18,8,23,16,46,73,61,0,0,0,0,0,0
2014-03-19,5,24,14,41,75,57,0,0,0,0,0,0
2014-03-20,10,22,16,50,71,61,0,0,0,0,0,0
2014-03-21,6,26,16,42,78,61,0,0,0,0,0,0
2014-03-22,8,20,14,46,68,57,0,0,0,0,0,0
2014-03-23,12,19,16,53,66,61,0,0,0,0,0,0
2014-03-24,7,22,14,44,71,57,0,0,0,0,0,0
2014-03-25,7,20,13,44,68,55,0,1,0,0,0,0
2014-03-26,12,17,14,53,62,57,0,1,0,0,0,0
2014-03-27,11,20,16,51,68,61,0,0,0,0,0,0
2014-03-28,11,21,16,51,69,61,0,0,0,0,0,0
2014-03-29,13,18,16,55,64,61,0,1,0,0,0,0
2014-03-30,9,18,13,48,64,55,0,0,0,0,0,0
2014-03-31,8,14,11,46,57,52,0,1,0,0,0,0
2014-04-01,8,15,11,46,59,52,0,1,0,0,0,0
2014-04-02,8,17,12,46,62,54,0,0,0,0,0,0
2014-04-03,7,18,12,44,64,54,0,0,0,0,0,0
2014-04-04,11,16,13,51,60,55,0,1,0,0,0,0
2014-04-05,9,20,14,48,68,57,0,0,0,0,0,0
2014-04-06,7,26,16,44,78,61,0,0,0,0,0,0
2014-04-07,11,28,19,51,82,66,0,0,0,0,0,0
2014-04-08,12,28,20,53,82,68,0,0,0,0,0,0
2014-04-09,11,21,16,51,69,61,0,0,0,0,0,0
2014-04-10,12,24,18,53,75,64,0,0,0,0,0,0
2014-04-11,12,19,16,53,66,61,0,0,0,0,0,0
2014-04-12,12,19,16,53,66,61,0,0,0,0,0,0
2014-04-13,12,23,17,53,73,63,0,0,0,0,0,0
2014-04-14,13,21,17,55,69,63,0,0,0,0,0,0
2014-04-15,13,20,17,55,68,63,0,0,0,0,0,0
2014-04-16,9,25,17,48,77,63,0,0,0,0,0,0
2014-04-17,11,22,16,51,71,61,0,0,0,0,0,0
2014-04-18,13,21,17,55,69,63,0,0,0,0,0,0
2014-04-19,8,22,14,46,71,57,0,0,0,0,0,0
2014-04-20,13,26,19,55,78,66,0,0,0,0,0,0
2014-04-21,13,22,17,55,71,63,0,0,0,0,0,0
2014-04-22,11,18,14,51,64,57,0,0,0,0,0,0
2014-04-23,9,20,14,48,68,57,0,0,0,0,0,0
2014-04-24,11,20,16,51,68,61,0,0,0,0,0,0
2014-04-25,11,15,13,51,59,55,0,1,0,0,0,0
2014-04-26,9,17,13,48,62,55,0,0,0,0,0,0
2014-04-27,13,20,17,55,68,63,0,0,0,0,0,0
2014-04-28,7,24,16,44,75,61,0,0,0,0,0,0
2014-04-29,16,32,23,60,89,73,0,0,0,0,0,0
2014-04-30,21,32,26,69,89,79,0,0,0,0,0,0
2014-05-01,14,31,22,57,87,72,0,0,0,0,0,0
2014-05-02,12,26,19,53,78,66,0,0,0,0,0,0
2014-05-03,13,22,17,55,71,63,0,0,0,0,0,0
2014-05-04,12,22,17,53,71,63,0,0,0,0,0,0
2014-05-05,13,19,16,55,66,61,0,0,0,0,0,0
2014-05-06,13,23,18,55,73,64,0,0,0,0,0,0
2014-05-07,10,20,15,50,68,59,0,0,0,0,0,0
2014-05-08,13,20,17,55,68,63,0,0,0,0,0,0
2014-05-09,14,21,18,57,69,64,0,0,0,0,0,0
2014-05-10,12,21,16,53,69,61,0,0,0,0,0,0
2014-05-11,11,26,18,51,78,64,0,0,0,0,0,0
2014-05-12,8,32,20,46,89,68,0,0,0,0,0,0
2014-05-13,13,35,24,55,95,75,0,0,0,0,0,0
2014-05-14,14,33,23,57,91,73,0,0,0,0,0,0
2014-05-15,14,30,22,57,86,72,0,0,0,0,0,0
2014-05-16,12,25,18,53,77,64,0,0,0,0,0,0
2014-05-17,14,23,18,57,73,64,0,0,0,0,0,0
2014-05-18,16,22,19,60,71,66,0,0,0,0,0,0
2014-05-19,15,21,18,59,69,64,0,0,0,0,0,0
2014-05-20,15,23,19,59,73,66,0,0,0,0,0,0
2014-05-21,13,24,18,55,75,64,0,0,0,0,0,0
2014-05-22,14,26,20,57,78,68,0,0,0,0,0,0
2014-05-23,14,21,17,57,69,63,0,0,0,0,0,0
2014-05-24,14,22,18,57,71,64,0,0,0,0,0,0
2014-05-25,13,27,20,55,80,68,0,0,0,0,0,0
2014-05-26,13,29,21,55,84,70,0,0,0,0,0,0
2014-05-27,13,23,18,55,73,64,0,0,0,0,0,0
2014-05-28,15,26,20,59,78,68,0,0,0,0,0,0
2014-05-29,12,29,20,53,84,68,0,0,0,0,0,0
2014-05-30,10,20,15,50,68,59,0,0,0,0,0,0
2014-05-31,12,23,17,53,73,63,0,0,0,0,0,0
2014-06-01,15,24,19,59,75,66,0,0,0,0,0,0
2014-06-02,13,22,17,55,71,63,0,0,0,0,0,0
2014-06-03,13,22,17,55,71,63,0,0,0,0,0,0
2014-06-04,14,24,19,57,75,66,0,0,0,0,0,0
2014-06-05,14,23,18,57,73,64,0,0,0,0,0,0
2014-06-06,15,23,19,59,73,66,0,0,0,0,0,0
2014-06-07,15,24,19,59,75,66,0,0,0,0,0,0
2014-06-08,15,30,22,59,86,72,0,0,0,0,0,0
2014-06-09,17,27,22,62,80,72,0,0,0,0,0,0
2014-06-10,16,23,19,60,73,66,0,0,0,0,0,0
2014-06-11,16,25,20,60,77,68,0,0,0,0,0,0
2014-06-12,15,33,24,59,91,75,0,0,0,0,0,0
2014-06-13,13,26,19,55,78,66,0,0,0,0,0,0
2014-06-14,14,28,21,57,82,70,0,0,0,0,0,0
2014-06-15,14,24,19,57,75,66,0,0,0,0,0,0
2014-06-16,13,21,17,55,69,63,0,0,0,0,0,0
2014-06-17,12,27,19,53,80,66,0,0,0,0,0,0
2014-06-18,13,32,22,55,89,72,0,0,0,0,0,0
2014-06-19,14,23,18,57,73,64,0,0,0,0,0,0
2014-06-20,14,28,21,57,82,70,0,0,0,0,0,0
2014-06-21,14,21,17,57,69,63,0,0,0,0,0,0
2014-06-22,15,22,18,59,71,64,0,0,0,0,0,0
2014-06-23,13,25,19,55,77,66,0,0,0,0,0,0
2014-06-24,17,25,21,62,77,70,0,0,0,0,0,0
2014-06-25,15,23,19,59,73,66,0,0,0,0,0,0
2014-06-26,17,24,20,62,75,68,0,0,0,0,0,0
2014-06-27,18,25,21,64,77,70,0,0,0,0,0,0
2014-06-28,15,26,20,59,78,68,0,0,0,0,0,0
2014-06-29,16,28,22,60,82,72,0,0,0,0,0,0
2014-06-30,17,30,23,62,86,73,0,0,0,0,0,0
2014-07-01,17,25,21,62,77,70,0,0,0,0,0,0
2014-07-02,17,25,21,62,77,70,0,0,0,0,0,0
2014-07-03,14,24,19,57,75,66,0,0,0,0,0,0
2014-07-04,15,23,19,59,73,66,0,0,0,0,0,0
2014-07-05,15,25,20,59,77,68,0,0,0,0,0,0
2014-07-06,15,25,20,59,77,68,0,0,0,0,0,0
2014-07-07,15,25,20,59,77,68,0,0,0,0,0,0
2014-07-08,15,24,19,59,75,66,0,0,0,0,0,0
2014-07-09,17,25,21,62,77,70,0,0,0,0,0,0
2014-07-10,16,26,21,60,78,70,0,0,0,0,0,0
2014-07-11,17,24,20,62,75,68,0,0,0,0,0,0
2014-07-12,16,23,19,60,73,66,0,0,0,0,0,0
2014-07-13,15,24,19,59,75,66,0,0,0,0,0,0
2014-07-14,19,27,23,66,80,73,0,0,0,0,0,0
2014-07-15,17,26,21,62,78,70,0,0,0,0,0,0
2014-07-16,19,27,23,66,80,73,0,0,0,0,0,0
2014-07-17,17,26,21,62,78,70,0,0,0,0,0,0
2014-07-18,18,24,21,64,75,70,0,0,0,0,0,0
2014-07-19,18,25,21,64,77,70,0,0,0,0,0,0
2014-07-20,18,24,21,64,75,70,0,0,0,0,0,0
2014-07-21,20,26,23,68,78,73,0,0,0,0,0,0
2014-07-22,19,26,22,66,78,72,0,0,0,0,0,0
2014-07-23,17,26,21,62,78,70,0,0,0,0,0,0
2014-07-24,19,39,29,66,102,84,0,0,0,0,0,0
2014-07-25,15,34,24,59,93,75,0,0,0,0,0,0
2014-07-26,18,28,23,64,82,73,0,0,0,0,0,0
2014-07-27,19,28,23,66,82,73,0,0,0,0,0,0
2014-07-28,18,26,22,64,78,72,0,0,0,0,0,0
2014-07-29,19,27,23,66,80,73,0,0,0,0,0,0
2014-07-30,17,26,21,62,78,70,0,0,0,0,0,0
2014-07-31,17,25,21,62,77,70,0,0,0,0,0,0
2014-08-01,15,25,20,59,77,68,0,0,0,0,0,0
2014-08-02,17,23,20,62,73,68,0,0,0,0,0,0
2014-08-03,18,23,20,64,73,68,0,0,0,0,0,0
2014-08-04,18,25,21,64,77,70,0,0,0,0,0,0
2014-08-05,18,26,22,64,78,72,0,0,0,0,0,0
2014-08-06,19,28,24,66,82,75,0,0,0,0,0,0
2014-08-07,17,23,20,62,73,68,0,0,0,0,0,0
2014-08-08,15,24,19,59,75,66,0,0,0,0,0,0
2014-08-09,16,23,20,60,73,68,0,0,0,0,0,0
2014-08-10,16,24,20,60,75,68,0,0,0,0,0,0
2014-08-11,18,25,21,64,77,70,0,0,0,0,0,0
2014-08-12,15,25,20,59,77,68,0,0,0,0,0,0
2014-08-13,16,26,21,60,78,70,0,0,0,0,0,0
2014-08-14,18,25,21,64,77,70,0,0,0,0,0,0
2014-08-15,17,26,21,62,78,70,0,0,0,0,0,0
2014-08-16,18,26,22,64,78,72,0,0,0,0,0,0
2014-08-17,17,23,20,62,73,68,0,0,0,0,0,0
2014-08-18,17,22,20,62,71,68,0,0,0,0,0,0
2014-08-19,17,24,20,62,75,68,0,0,0,0,0,0
2014-08-20,18,26,22,64,78,72,0,0,0,0,0,0
2014-08-21,16,26,21,60,78,70,0,0,0,0,0,0
2014-08-22,16,27,22,60,80,72,0,0,0,0,0,0
2014-08-23,17,25,21,62,77,70,0,0,0,0,0,0
2014-08-24,17,24,20,62,75,68,0,0,0,0,0,0
2014-08-25,17,24,20,62,75,68,0,0,0,0,0,0
2014-08-26,15,25,20,59,77,68,0,0,0,0,0,0
2014-08-27,19,26,22,66,78,72,0,0,0,0,0,0
2014-08-28,17,26,21,62,78,70,0,0,0,0,0,0
2014-08-29,18,25,21,64,77,70,0,0,0,0,0,0
2014-08-30,15,27,21,59,80,70,0,0,0,0,0,0
2014-08-31,14,26,20,57,78,68,0,0,0,0,0,0
2014-09-01,14,30,22,57,86,72,0,0,0,0,0,0
2014-09-02,14,24,19,57,75,66,0,0,0,0,0,0
2014-09-03,17,25,21,62,77,70,0,0,0,0,0,0
2014-09-04,18,25,21,64,77,70,0,0,0,0,0,0
2014-09-05,17,24,20,62,75,68,0,0,0,0,0,0
2014-09-06,17,24,20,62,75,68,0,0,0,0,0,0
2014-09-07,16,23,19,60,73,66,0,0,0,0,0,0
2014-09-08,15,21,18,59,69,64,0,0,0,0,0,0
2014-09-09,14,24,19,57,75,66,0,0,0,0,0,0
2014-09-10,16,28,22,60,82,72,0,0,0,0,0,0
2014-09-11,15,29,22,59,84,72,0,0,0,0,0,0
2014-09-12,15,27,21,59,80,70,0,0,0,0,0,0
2014-09-13,17,26,21,62,78,70,0,0,0,0,0,0
2014-09-14,17,26,21,62,78,70,0,0,0,0,0,0
2014-09-15,14,26,20,57,78,68,0,0,0,0,0,0
2014-09-16,12,28,20,53,82,68,0,0,0,0,0,0
2014-09-17,17,28,22,62,82,72,0,0,0,0,0,0
2014-09-18,20,27,23,68,80,73,0,0,0,0,0,0
2014-09-19,17,24,20,62,75,68,0,0,0,0,0,0
2014-09-20,18,24,21,64,75,70,0,0,0,0,0,0
2014-09-21,18,24,21,64,75,70,0,0,0,0,0,0
2014-09-22,18,24,21,64,75,70,0,0,0,0,0,0
2014-09-23,14,26,20,57,78,68,0,0,0,0,0,0
2014-09-24,16,27,21,60,80,70,0,0,0,0,0,0
2014-09-25,16,23,19,60,73,66,0,1,0,0,0,0
2014-09-26,13,23,18,55,73,64,0,0,0,0,0,0
2014-09-27,17,25,21,62,77,70,0,0,0,0,0,0
2014-09-28,13,24,18,55,75,64,0,0,0,0,0,0
2014-09-29,16,22,19,60,71,66,0,0,0,0,0,0
2014-09-30,13,23,18,55,73,64,0,0,0,0,0,0
2014-10-01,12,30,21,53,86,70,0,0,0,0,0,0
2014-10-02,11,33,22,51,91,72,0,0,0,0,0,0
2014-10-03,13,34,23,55,93,73,0,0,0,0,0,0
2014-10-04,12,32,22,53,89,72,0,0,0,0,0,0
2014-10-05,12,30,21,53,86,70,0,0,0,0,0,0
2014-10-06,13,29,21,55,84,70,0,0,0,0,0,0
2014-10-07,13,24,18,55,75,64,0,0,0,0,0,0
2014-10-08,11,27,19,51,80,66,0,0,0,0,0,0
2014-10-09,13,21,17,55,69,63,0,0,0,0,0,0
2014-10-10,16,20,18,60,68,64,0,0,0,0,0,0
2014-10-11,12,24,18,53,75,64,0,0,0,0,0,0
2014-10-12,14,33,23,57,91,73,0,0,0,0,0,0
2014-10-13,12,28,20,53,82,68,0,0,0,0,0,0
2014-10-14,16,23,19,60,73,66,0,0,0,0,0,0
2014-10-15,17,23,20,62,73,68,0,0,0,0,0,0
2014-10-16,12,22,17,53,71,63,0,0,0,0,0,0
2014-10-17,12,24,18,53,75,64,0,0,0,0,0,0
2014-10-18,15,33,24,59,91,75,0,0,0,0,0,0
2014-10-19,13,24,18,55,75,64,0,0,0,0,0,0
2014-10-20,15,21,18,59,69,64,0,1,0,0,0,0
2014-10-21,9,23,16,48,73,61,0,0,0,0,0,0
2014-10-22,10,24,17,50,75,63,0,0,0,0,0,0
2014-10-23,14,24,19,57,75,66,0,0,0,0,0,0
2014-10-24,12,23,17,53,73,63,0,0,0,0,0,0
2014-10-25,16,23,19,60,73,66,0,1,0,0,0,0
2014-10-26,12,21,16,53,69,61,0,0,0,0,0,0
2014-10-27,9,21,14,48,69,57,0,0,0,0,0,0
2014-10-28,8,23,16,46,73,61,0,0,0,0,0,0
2014-10-29,11,25,18,51,77,64,0,0,0,0,0,0
2014-10-30,13,24,18,55,75,64,0,0,0,0,0,0
2014-10-31,14,17,16,57,62,61,0,1,0,0,0,0
2014-11-01,12,18,14,53,64,57,0,0,0,0,0,0
2014-11-02,7,20,13,44,68,55,0,0,0,0,0,0
2014-11-03,6,21,13,42,69,55,0,0,0,0,0,0
2014-11-04,7,22,14,44,71,57,0,0,0,0,0,0
2014-11-05,10,24,17,50,75,63,0,0,0,0,0,0
2014-11-06,10,22,16,50,71,61,0,0,0,0,0,0
2014-11-07,12,20,16,53,68,61,1,0,0,0,0,0
2014-11-08,10,22,16,50,71,61,1,0,0,0,0,0
2014-11-09,9,21,14,48,69,57,0,0,0,0,0,0
2014-11-10,12,20,17,53,68,63,1,0,0,0,0,0
2014-11-11,10,20,15,50,68,59,0,0,0,0,0,0
2014-11-12,15,19,17,59,66,63,0,0,0,0,0,0
2014-11-13,14,20,18,57,68,64,0,0,0,0,0,0
2014-11-14,10,19,14,50,66,57,0,0,0,0,0,0
2014-11-15,10,19,14,50,66,57,0,0,0,0,0,0
2014-11-16,10,18,14,50,64,57,0,0,0,0,0,0
2014-11-17,7,19,13,44,66,55,0,0,0,0,0,0
2014-11-18,7,19,13,44,66,55,0,0,0,0,0,0
2014-11-19,14,20,18,57,68,64,0,1,0,0,0,0
2014-11-20,13,16,14,55,60,57,0,1,0,0,0,0
2014-11-21,11,18,14,51,64,57,0,0,0,0,0,0
2014-11-22,14,20,17,57,68,63,0,1,0,0,0,0
2014-11-23,9,19,14,48,66,57,0,0,0,0,0,0
2014-11-24,7,19,13,44,66,55,0,0,0,0,0,0
2014-11-25,5,19,12,41,66,54,0,0,0,0,0,0
2014-11-26,7,19,13,44,66,55,0,0,0,0,0,0
2014-11-27,6,19,12,42,66,54,0,0,0,0,0,0
2014-11-28,10,18,14,50,64,57,1,0,0,0,0,0
2014-11-29,13,18,16,55,64,61,0,1,0,0,0,0
2014-11-30,12,17,14,53,62,57,0,1,0,0,1,0
2014-12-01,12,20,16,53,68,61,1,0,0,0,0,0
2014-12-02,14,16,14,57,60,57,0,1,0,0,0,0
2014-12-03,14,18,17,57,64,63,0,1,0,0,0,0
2014-12-04,14,21,17,57,69,63,0,0,0,0,0,0
2014-12-05,14,19,17,57,66,63,0,1,0,0,0,0
2014-12-06,15,21,18,59,69,64,0,1,0,0,0,0
2014-12-07,11,18,14,51,64,57,1,0,0,0,0,0
2014-12-08,13,21,17,55,69,63,0,0,0,0,0,0
2014-12-09,14,18,16,57,64,61,0,0,0,0,0,0
2014-12-10,13,18,16,55,64,61,0,0,0,0,0,0
2014-12-11,11,16,13,51,60,55,0,1,0,0,0,0
2014-12-12,11,14,12,51,57,54,0,1,0,0,0,0
2014-12-13,6,14,10,42,57,50,0,0,0,0,0,0
2014-12-14,9,16,12,48,60,54,0,0,0,0,0,0
2014-12-15,12,14,13,53,57,55,0,1,0,0,0,0
2014-12-16,12,17,14,53,62,57,0,1,0,0,0,0
2014-12-17,10,15,12,50,59,54,0,1,0,0,0,0
2014-12-18,12,16,13,53,60,55,0,0,0,0,0,0
2014-12-19,12,15,14,53,59,57,0,1,0,0,0,0
2014-12-20,13,16,14,55,60,57,0,0,0,0,0,0
2014-12-21,14,18,16,57,64,61,0,0,0,0,0,0
2014-12-22,11,19,14,51,66,57,1,0,0,0,0,0
2014-12-23,9,21,14,48,69,57,0,0,0,0,0,0
2014-12-24,11,17,14,51,62,57,1,1,0,0,0,0
2014-12-25,9,15,12,48,59,54,0,0,0,0,0,0
2014-12-26,7,15,11,44,59,52,0,0,0,0,0,0
2014-12-27,0,13,7,32,55,45,0,0,0,0,0,0
2014-12-28,4,15,9,39,59,48,0,0,0,0,0,0
2014-12-29,4,14,9,39,57,48,0,0,0,0,0,0
2014-12-30,5,12,8,41,53,46,0,0,0,0,0,0
2014-12-31,2,14,8,35,57,46,0,0,0,0,0,0
2015-01-01,1,14,7,33,57,45,0,0,0,0,0,0
2015-01-02,0,10,5,32,50,41,0,0,0,0,0,0
2015-01-03,0,12,6,32,53,43,0,0,0,0,0,0
2015-01-04,4,14,9,39,57,48,0,0,0,0,0,0
2015-01-05,3,16,9,37,60,48,0,0,0,0,0,0
2015-01-06,4,19,11,39,66,52,0,0,0,0,0,0
2015-01-07,3,19,11,37,66,52,0,0,0,0,0,0
2015-01-08,6,15,10,42,59,50,0,0,0,0,0,0
2015-01-09,8,18,13,46,64,55,0,0,0,0,0,0
2015-01-10,10,15,12,50,59,54,0,0,0,0,0,0
2015-01-11,9,14,11,48,57,52,1,0,0,0,0,0
2015-01-12,9,17,13,48,62,55,0,0,0,0,0,0
2015-01-13,6,18,12,42,64,54,1,0,0,0,0,0
2015-01-14,2,17,9,35,62,48,0,0,0,0,0,0
2015-01-15,4,17,10,39,62,50,0,0,0,0,0,0
2015-01-16,7,17,12,44,62,54,0,0,0,0,0,0
2015-01-17,8,15,11,46,59,52,0,0,0,0,0,0
2015-01-18,8,16,12,46,60,54,1,0,0,0,0,0
2015-01-19,9,17,13,48,62,55,1,0,0,0,0,0
2015-01-20,8,15,12,46,59,54,0,0,0,0,0,0
2015-01-21,4,18,11,39,64,52,0,0,0,0,0,0
2015-01-22,8,14,11,46,57,52,0,0,0,0,0,0
2015-01-23,4,20,12,39,68,54,0,0,0,0,0,0
2015-01-24,7,21,13,44,69,55,0,0,0,0,0,0
2015-01-25,5,19,12,41,66,54,0,0,0,0,0,0
2015-01-26,6,19,12,42,66,54,0,0,0,0,0,0
2015-01-27,13,34,24,55,93,75,0,0,0,0,0,0
2015-01-28,7,20,13,44,68,55,0,0,0,0,0,0
2015-01-29,6,19,12,42,66,54,1,0,0,0,0,0
2015-01-30,10,18,14,50,64,57,1,0,0,0,0,0
2015-01-31,5,24,14,41,75,57,0,0,0,0,0,0
2015-02-01,5,18,11,41,64,52,0,0,0,0,0,0
2015-02-02,7,29,18,44,84,64,0,0,0,0,0,0
2015-02-03,9,19,13,48,66,55,0,0,0,0,0,0
2015-02-04,9,18,13,48,64,55,0,0,0,0,0,0
2015-02-05,9,18,13,48,64,55,0,0,0,0,0,0
2015-02-06,15,18,17,59,64,63,0,1,0,0,0,0
2015-02-07,16,21,18,60,69,64,0,1,0,0,0,0
2015-02-08,15,19,17,59,66,63,0,1,0,0,0,0
2015-02-09,12,19,16,53,66,61,0,0,0,0,0,0
2015-02-10,8,20,14,46,68,57,0,0,0,0,0,0
2015-02-11,6,22,13,42,71,55,0,0,0,0,0,0
2015-02-12,8,24,16,46,75,61,0,0,0,0,0,0
2015-02-13,8,23,16,46,73,61,0,0,0,0,0,0
2015-02-14,8,24,16,46,75,61,0,0,0,0,0,0
2015-02-15,7,25,16,44,77,61,0,0,0,0,0,0
2015-02-16,14,22,18,57,71,64,0,0,0,0,0,0
2015-02-17,13,15,13,55,59,55,0,0,0,0,0,0
2015-02-18,12,17,14,53,62,57,0,0,0,0,0,0
2015-02-19,13,16,14,55,60,57,0,0,0,0,0,0
2015-02-20,13,21,17,55,69,63,0,0,0,0,0,0
2015-02-21,7,22,14,44,71,57,0,0,0,0,0,0
2015-02-22,10,19,14,50,66,57,0,0,0,0,0,0
2015-02-23,11,17,13,51,62,55,0,0,0,0,0,0
2015-02-24,9,20,16,48,68,61,0,0,0,0,0,0
2015-02-25,6,19,12,42,66,54,0,0,0,0,0,0
2015-02-26,6,21,13,42,69,55,0,0,0,0,0,0
2015-02-27,12,34,23,53,93,73,0,0,0,0,0,0
2015-02-28,9,15,11,48,59,52,0,0,0,0,0,0
2015-03-01,5,19,12,41,66,54,0,0,0,0,0,0
2015-03-02,7,16,11,44,60,52,0,0,0,0,0,0
2015-03-03,4,19,11,39,66,52,0,0,0,0,0,0
2015-03-04,4,20,12,39,68,54,0,0,0,0,0,0
2015-03-05,5,22,13,41,71,55,0,0,0,0,0,0
2015-03-06,9,23,16,48,73,61,0,0,0,0,0,0
2015-03-07,6,25,16,42,77,61,0,0,0,0,0,0
2015-03-08,11,20,16,51,68,61,0,0,0,0,0,0
2015-03-09,11,20,16,51,68,61,0,0,0,0,0,0
2015-03-10,12,18,14,53,64,57,0,0,0,0,0,0
2015-03-11,14,21,17,57,69,63,0,1,0,0,0,0
2015-03-12,11,23,17,51,73,63,0,0,0,0,0,0
2015-03-13,10,24,17,50,75,63,0,0,0,0,0,0
2015-03-14,12,29,20,53,84,68,0,0,0,0,0,0
2015-03-15,14,24,19,57,75,66,0,0,0,0,0,0
2015-03-16,16,22,19,60,71,66,0,0,0,0,0,0
2015-03-17,12,21,16,53,69,61,0,0,0,0,0,0
2015-03-18,8,21,14,46,69,57,0,0,0,0,0,0
2015-03-19,9,24,17,48,75,63,0,0,0,0,0,0
2015-03-20,9,18,13,48,64,55,0,0,0,0,0,0
2015-03-21,12,21,16,53,69,61,0,0,0,0,0,0
2015-03-22,14,20,17,57,68,63,0,1,0,0,0,0
2015-03-23,13,19,16,55,66,61,0,0,0,0,0,0
2015-03-24,11,20,16,51,68,61,0,0,0,0,0,0
2015-03-25,11,24,17,51,75,63,0,0,0,0,0,0
2015-03-26,10,27,18,50,80,64,0,0,0,0,0,0
2015-03-27,13,19,16,55,66,61,0,0,0,0,0,0
2015-03-28,9,26,17,48,78,63,0,0,0,0,0,0
2015-03-29,8,25,17,46,77,63,0,0,0,0,0,0
2015-03-30,13,21,18,55,69,64,0,0,0,0,0,0
2015-03-31,14,20,17,57,68,63,0,0,0,0,0,0
2015-04-01,7,19,13,44,66,55,0,0,0,0,0,0
2015-04-02,6,22,13,42,71,55,0,0,0,0,0,0
2015-04-03,5,23,14,41,73,57,0,0,0,0,0,0
2015-04-04,5,19,12,41,66,54,0,0,0,0,0,0
2015-04-05,8,16,12,46,60,54,0,1,0,0,0,0
2015-04-06,11,18,14,51,64,57,0,0,0,0,0,0
2015-04-07,10,16,13,50,60,55,0,0,0,0,0,0
2015-04-08,10,18,14,50,64,57,0,0,0,0,0,0
2015-04-09,6,20,13,42,68,55,0,0,0,0,0,0
2015-04-10,6,20,13,42,68,55,0,0,0,0,0,0
2015-04-11,7,23,14,44,73,57,0,0,0,0,0,0
2015-04-12,8,25,17,46,77,63,0,0,0,0,0,0
2015-04-13,12,19,16,53,66,61,0,0,0,0,0,0
2015-04-14,10,19,14,50,66,57,0,0,0,0,0,0
2015-04-15,9,23,16,48,73,61,0,0,0,0,0,0
2015-04-16,24,24,24,75,75,75,0,0,0,0,0,0
2015-04-17,8,23,16,46,73,61,0,0,0,0,0,0
2015-04-18,13,22,17,55,71,63,0,0,0,0,0,0
2015-04-19,13,19,16,55,66,61,0,0,0,0,0,0
2015-04-20,13,19,16,55,66,61,0,0,0,0,0,0
2015-04-21,13,19,16,55,66,61,0,0,0,0,0,0
2015-04-22,10,21,16,50,69,61,0,0,0,0,0,0
2015-04-23,12,20,16,53,68,61,0,0,0,0,0,0
2015-04-24,13,18,16,55,64,61,0,0,0,0,0,0
2015-04-25,13,18,16,55,64,61,0,0,0,0,0,0
2015-04-26,13,24,18,55,75,64,0,0,0,0,0,0
2015-04-27,10,31,20,50,87,68,0,0,0,0,0,0
2015-04-28,13,20,17,55,68,63,0,0,0,0,0,0
2015-04-29,10,21,16,50,69,61,0,0,0,0,0,0
2015-04-30,11,32,21,51,89,70,0,0,0,0,0,0
2015-05-01,14,25,19,57,77,66,0,0,0,0,0,0
2015-05-02,14,21,17,57,69,63,0,0,0,0,0,0
2015-05-03,12,21,16,53,69,61,0,0,0,0,0,0
2015-05-04,12,19,16,53,66,61,0,0,0,0,0,0
2015-05-05,11,21,16,51,69,61,0,0,0,0,0,0
2015-05-06,10,23,17,50,73,63,0,0,0,0,0,0
2015-05-07,10,17,13,50,62,55,0,0,0,0,0,0
2015-05-08,12,21,16,53,69,61,0,0,0,0,0,0
2015-05-09,12,18,14,53,64,57,0,0,0,0,0,0
2015-05-10,12,19,16,53,66,61,0,0,0,0,0,0
2015-05-11,10,18,14,50,64,57,0,0,0,0,0,0
2015-05-12,11,19,14,51,66,57,0,0,0,0,0,0
2015-05-13,13,20,17,55,68,63,0,0,0,0,0,0
2015-05-14,13,18,16,55,64,61,0,1,0,0,0,0
2015-05-15,9,19,14,48,66,57,0,0,0,0,0,0
2015-05-16,13,18,16,55,64,61,0,0,0,0,0,0
2015-05-17,13,18,16,55,64,61,0,0,0,0,0,0
2015-05-18,14,16,14,57,60,57,0,0,0,0,0,0
2015-05-19,13,20,17,55,68,63,0,0,0,0,0,0
2015-05-20,14,19,17,57,66,63,0,0,0,0,0,0
2015-05-21,14,20,17,57,68,63,0,0,0,0,0,0
2015-05-22,14,20,17,57,68,63,0,0,0,0,0,0
2015-05-23,14,19,17,57,66,63,0,0,0,0,0,0
2015-05-24,10,21,16,50,69,61,0,0,0,0,0,0
2015-05-25,13,21,17,55,69,63,0,0,0,0,0,0
2015-05-26,14,21,17,57,69,63,0,0,0,0,0,0
2015-05-27,13,22,17,55,71,63,0,0,0,0,0,0
2015-05-28,13,19,16,55,66,61,0,0,0,0,0,0
2015-05-29,13,19,16,55,66,61,0,0,0,0,0,0
2015-05-30,13,27,20,55,80,68,0,0,0,0,0,0
2015-05-31,13,20,17,55,68,63,0,0,0,0,0,0
2015-06-01,16,23,19,60,73,66,0,0,0,0,0,0
2015-06-02,14,23,18,57,73,64,0,0,0,0,0,0
2015-06-03,13,21,17,55,69,63,0,0,0,0,0,0
2015-06-04,12,22,17,53,71,63,0,0,0,0,0,0
2015-06-05,14,23,18,57,73,64,0,0,0,0,0,0
2015-06-06,16,23,19,60,73,66,0,0,0,0,0,0
2015-06-07,16,25,20,60,77,68,0,0,0,0,0,0
2015-06-08,20,34,27,68,93,81,0,0,0,0,0,0
2015-06-09,17,26,21,62,78,70,0,0,0,0,0,0
2015-06-10,17,22,19,62,71,66,0,1,0,0,0,0
2015-06-11,16,25,20,60,77,68,0,0,0,0,0,0
2015-06-12,16,27,21,60,80,70,0,0,0,0,0,0
2015-06-13,16,28,22,60,82,72,0,0,0,0,0,0
2015-06-14,15,21,18,59,69,64,0,0,0,0,0,0
2015-06-15,14,21,17,57,69,63,0,0,0,0,0,0
2015-06-16,13,22,17,55,71,63,0,0,0,0,0,0
2015-06-17,12,23,17,53,73,63,0,0,0,0,0,0
2015-06-18,15,25,20,59,77,68,0,0,0,0,0,0
2015-06-19,12,24,18,53,75,64,0,0,0,0,0,0
2015-06-20,13,24,18,55,75,64,0,0,0,0,0,0
2015-06-21,15,21,18,59,69,64,0,0,0,0,0,0
2015-06-22,16,21,18,60,69,64,0,0,0,0,0,0
2015-06-23,13,26,19,55,78,66,0,0,0,0,0,0
2015-06-24,15,24,19,59,75,66,0,0,0,0,0,0
2015-06-25,16,29,22,60,84,72,0,0,0,0,0,0
2015-06-26,18,26,22,64,78,72,0,0,0,0,0,0
2015-06-27,17,26,21,62,78,70,0,0,0,0,0,0
2015-06-28,18,23,20,64,73,68,0,0,0,0,0,0
2015-06-29,16,25,20,60,77,68,0,0,0,0,0,0
2015-06-30,19,31,24,66,87,75,0,0,0,0,0,0
2015-07-01,17,26,21,62,78,70,0,0,0,0,0,0
2015-07-02,18,25,21,64,77,70,0,0,0,0,0,0
2015-07-03,18,26,22,64,78,72,0,0,0,0,0,0
2015-07-04,19,24,21,66,75,70,0,0,0,0,0,0
2015-07-05,18,25,21,64,77,70,0,0,0,0,0,0
2015-07-06,17,26,21,62,78,70,0,0,0,0,0,0
2015-07-07,19,26,22,66,78,72,0,0,0,0,0,0
2015-07-08,17,21,17,62,69,63,0,0,0,0,0,0
2015-07-09,18,21,19,64,69,66,0,0,0,0,0,0
2015-07-10,17,22,19,62,71,66,0,0,0,0,0,0
2015-07-11,15,26,20,59,78,68,0,0,0,0,0,0
2015-07-12,16,26,21,60,78,70,0,0,0,0,0,0
2015-07-13,18,27,22,64,80,72,0,0,0,0,0,0
2015-07-14,14,24,19,57,75,66,0,0,0,0,0,0
2015-07-15,15,28,21,59,82,70,0,0,0,0,0,0
2015-07-16,17,26,21,62,78,70,0,0,0,0,0,0
2015-07-17,19,25,22,66,77,72,0,0,0,0,0,0
2015-07-18,18,26,22,64,78,72,0,0,0,0,0,0
2015-07-19,19,29,24,66,84,75,0,0,0,0,0,0
2015-07-20,20,29,26,68,84,79,0,0,0,0,0,0
2015-07-21,17,23,20,62,73,68,0,0,0,0,0,0
2015-07-22,16,24,20,60,75,68,0,0,0,0,0,0
2015-07-23,15,24,19,59,75,66,0,0,0,0,0,0
2015-07-24,12,25,18,53,77,64,0,0,0,0,0,0
2015-07-25,13,23,18,55,73,64,0,0,0,0,0,0
2015-07-26,13,26,19,55,78,66,0,0,0,0,0,0
2015-07-27,15,30,22,59,86,72,0,0,0,0,0,0
2015-07-28,15,32,23,59,89,73,0,0,0,0,0,0
2015-07-29,16,29,22,60,84,72,0,0,0,0,0,0
2015-07-30,18,26,22,64,78,72,0,0,0,0,0,0
2015-07-31,18,25,21,64,77,70,0,0,0,0,0,0
2015-08-01,19,25,22,66,77,72,0,0,0,0,0,0
2015-08-02,18,25,21,64,77,70,0,0,0,0,0,0
2015-08-03,17,25,21,62,77,70,0,0,0,0,0,0
2015-08-04,14,26,20,57,78,68,0,0,0,0,0,0
2015-08-05,14,26,20,57,78,68,0,0,0,0,0,0
2015-08-06,15,23,19,59,73,66,0,0,0,0,0,0
2015-08-07,19,26,22,66,78,72,0,0,0,0,0,0
2015-08-08,17,24,21,62,76,70,0,0,0,0,0,0
2015-08-09,13,26,19,55,78,66,0,0,0,0,0,0
2015-08-10,14,26,20,57,78,68,0,0,0,0,0,0
2015-08-11,17,25,21,62,77,70,0,0,0,0,0,0
2015-08-12,13,28,20,55,82,68,0,0,0,0,0,0
2015-08-13,17,30,23,62,86,73,0,0,0,0,0,0
2015-08-14,19,27,23,66,80,73,0,0,0,0,0,0
2015-08-15,22,35,28,71,95,82,0,0,0,0,0,0
2015-08-16,23,27,27,73,80,81,0,0,0,0,0,0
2015-08-17,16,28,22,60,82,72,0,0,0,0,0,0
2015-08-18,18,26,22,64,78,72,0,0,0,0,0,0
2015-08-19,18,24,21,64,75,70,0,0,0,0,0,0
2015-08-20,18,22,21,64,71,70,0,0,0,0,0,0
2015-08-21,17,24,20,62,75,68,0,0,0,0,0,0
2015-08-22,17,25,21,62,77,70,0,0,0,0,0,0
2015-08-23,18,24,21,64,75,70,0,0,0,0,0,0
2015-08-24,17,24,20,62,75,68,0,0,0,0,0,0
2015-08-25,13,24,18,55,75,64,0,0,0,0,0,0
2015-08-26,17,26,21,62,78,70,0,0,0,0,0,0
2015-08-27,16,31,23,60,87,73,0,0,0,0,0,0
2015-08-28,20,28,24,68,82,75,0,0,0,0,0,0
2015-08-29,20,26,23,68,78,73,0,0,0,0,0,0
2015-08-30,16,28,22,60,82,72,0,0,0,0,0,0
2015-08-31,15,28,21,59,82,70,0,0,0,0,0,0
2015-09-01,13,26,19,55,78,66,0,0,0,0,0,0
2015-09-02,14,25,19,57,77,66,0,0,0,0,0,0
2015-09-03,15,24,19,59,75,66,0,0,0,0,0,0
2015-09-04,13,24,18,55,75,64,0,0,0,0,0,0
2015-09-05,19,28,24,66,82,75,0,0,0,0,0,0
2015-09-06,10,31,20,50,87,68,0,0,0,0,0,0
2015-09-07,10,34,22,50,93,72,0,0,0,0,0,0
2015-09-08,13,36,24,55,96,75,0,0,0,0,0,0
2015-09-09,15,36,26,59,96,79,0,0,0,0,0,0
2015-09-10,16,31,23,60,87,73,0,0,0,0,0,0
2015-09-11,17,29,23,62,84,73,0,0,0,0,0,0
2015-09-12,15,26,20,59,78,68,0,0,0,0,0,0
2015-09-13,18,26,22,64,78,72,0,0,0,0,0,0
2015-09-14,17,24,20,62,75,68,0,0,0,0,0,0
2015-09-15,15,23,19,59,73,66,0,0,0,0,0,0
2015-09-16,13,23,18,55,73,64,0,0,0,0,0,0
2015-09-17,14,24,19,57,75,66,0,0,0,0,0,0
2015-09-18,12,29,20,53,84,68,0,0,0,0,0,0
2015-09-19,11,30,20,51,86,68,0,0,0,0,0,0
2015-09-20,13,35,24,55,95,75,0,0,0,0,0,0
2015-09-21,17,34,26,62,93,79,0,0,0,0,0,0
2015-09-22,14,23,18,57,73,64,0,0,0,0,0,0
2015-09-23,10,27,18,50,80,64,0,0,0,0,0,0
2015-09-24,14,31,22,57,87,72,0,0,0,0,0,0
2015-09-25,14,27,20,57,80,68,0,0,0,0,0,0
2015-09-26,14,25,19,57,77,66,0,0,0,0,0,0
2015-09-27,13,24,18,55,75,64,0,0,0,0,0,0
2015-09-28,16,23,19,60,73,66,0,0,0,0,0,0
2015-09-29,16,21,18,60,69,64,0,0,0,0,0,0
2015-09-30,15,19,17,59,66,63,0,0,0,0,0,0
2015-10-01,16,24,20,60,75,68,0,1,0,0,0,0
2015-10-02,12,25,18,53,77,64,0,0,0,0,0,0
2015-10-03,11,25,18,51,77,64,0,0,0,0,0,0
2015-10-04,9,24,17,48,75,63,0,0,0,0,0,0
2015-10-05,15,25,20,59,77,68,0,0,0,0,0,0
2015-10-06,13,24,18,55,75,64,0,0,0,0,0,0
2015-10-07,17,25,21,62,77,70,0,0,0,0,0,0
2015-10-08,15,28,21,59,82,70,0,0,0,0,0,0
2015-10-09,13,26,19,55,78,66,0,0,0,0,0,0
2015-10-10,16,24,20,60,75,68,1,0,0,0,0,0
2015-10-11,13,26,19,55,78,66,0,0,0,0,0,0
2015-10-12,13,29,21,55,84,70,0,0,0,0,0,0
2015-10-13,14,31,22,57,87,72,0,0,0,0,0,0
2015-10-14,16,26,21,60,78,70,0,0,0,0,0,0
2015-10-15,17,24,20,62,75,68,0,0,0,0,0,0
2015-10-16,17,24,20,62,75,68,0,0,0,0,0,0
2015-10-17,16,21,19,60,69,66,0,0,0,0,0,0
2015-10-18,14,22,18,57,71,64,0,0,0,0,0,0
2015-10-19,17,22,19,62,71,66,0,0,0,0,0,0
2015-10-20,11,28,19,51,82,66,0,0,0,0,0,0
2015-10-21,10,30,20,50,86,68,0,0,0,0,0,0
2015-10-22,11,24,17,51,75,63,0,0,0,0,0,0
2015-10-23,11,22,16,51,71,61,0,0,0,0,0,0
2015-10-24,13,25,19,55,77,66,1,0,0,0,0,0
2015-10-25,15,23,19,59,73,66,0,0,0,0,0,0
2015-10-26,13,22,17,55,71,63,1,0,0,0,0,0
2015-10-27,14,21,17,57,69,63,0,1,0,0,0,0
2015-10-28,13,22,17,55,71,63,0,0,0,0,0,0
2015-10-29,9,25,17,48,77,63,0,0,0,0,0,0
2015-10-30,9,23,16,48,73,61,0,0,0,0,0,0
2015-10-31,10,25,18,50,77,64,0,0,0,0,0,0
2015-11-01,11,24,17,51,75,63,0,0,0,0,0,0
2015-11-02,13,18,16,55,64,61,0,1,0,0,0,0
2015-11-03,8,19,13,46,66,55,0,0,0,0,0,0
2015-11-04,10,20,16,50,68,61,0,0,0,0,0,0
2015-11-05,5,19,12,41,66,54,0,0,0,0,0,0
2015-11-06,5,20,12,41,68,54,0,0,0,0,0,0
2015-11-07,5,20,12,41,68,54,0,0,0,0,0,0
2015-11-08,10,16,13,50,60,55,0,0,0,0,0,0
2015-11-09,9,14,11,48,57,52,0,1,0,0,1,0
2015-11-10,5,16,10,41,60,50,0,0,0,0,0,0
2015-11-11,3,18,10,37,64,50,0,0,0,0,0,0
2015-11-12,4,19,11,39,66,52,0,0,0,0,0,0
2015-11-13,5,19,12,41,66,54,0,0,0,0,0,0
2015-11-14,4,17,10,39,62,50,0,0,0,0,0,0
2015-11-15,11,16,13,51,60,55,0,0,0,0,0,0
2015-11-16,9,16,13,48,60,55,0,0,0,0,0,0
2015-11-17,5,18,11,41,64,52,0,0,0,0,0,0
2015-11-18,6,20,13,42,68,55,0,0,0,0,0,0
2015-11-19,6,19,12,42,66,54,1,0,0,0,0,0
2015-11-20,8,22,14,46,71,57,0,0,0,0,0,0
2015-11-21,7,22,14,44,71,57,0,0,0,0,0,0
2015-11-22,6,19,12,42,66,54,0,0,0,0,0,0
2015-11-23,8,16,12,46,60,54,0,0,0,0,0,0
2015-11-24,12,14,13,53,57,55,0,1,0,0,0,0
2015-11-25,6,13,10,42,55,50,0,0,0,0,0,0
2015-11-26,8,19,13,46,66,55,0,0,0,0,0,0
2015-11-27,9,15,12,48,59,54,0,0,0,0,0,0
2015-11-28,7,14,10,44,57,50,0,0,0,0,0,0
2015-11-29,-1,15,7,30,59,45,0,0,0,0,0,0
2015-11-30,3,12,7,37,53,45,0,1,0,0,0,0
2015-12-01,3,16,9,37,60,48,0,0,0,0,0,0
2015-12-02,7,16,11,44,60,52,0,0,0,0,0,0
2015-12-03,7,17,12,44,62,54,0,1,0,0,0,0
2015-12-04,6,16,11,42,60,52,0,0,0,0,0,0
2015-12-05,3,13,8,37,55,46,1,0,0,0,0,0
2015-12-06,13,18,16,55,64,61,0,0,0,0,0,0
2015-12-07,11,16,13,51,60,55,1,0,0,0,0,0
2015-12-08,12,18,14,53,64,57,0,0,0,0,0,0
2015-12-09,12,20,16,53,68,61,0,0,0,0,0,0
2015-12-10,11,17,14,51,62,57,0,1,0,0,0,0
2015-12-11,9,15,12,48,59,54,0,0,0,0,0,0
2015-12-12,6,14,10,42,57,50,0,0,0,0,0,0
2015-12-13,9,13,11,48,55,52,0,1,0,0,0,0
2015-12-14,4,13,8,39,55,46,0,0,0,0,0,0
2015-12-15,4,14,9,39,57,48,0,0,0,0,0,0
2015-12-16,3,14,8,37,57,46,0,0,0,0,0,0
2015-12-17,3,15,9,37,59,48,0,0,0,0,0,0
2015-12-18,6,16,11,42,60,52,0,0,0,0,0,0
2015-12-19,8,14,11,46,57,52,0,1,0,0,0,0
2015-12-20,5,12,8,41,53,46,0,1,0,0,0,0
2015-12-21,13,16,14,55,60,57,0,1,0,0,0,0
2015-12-22,13,16,14,55,60,57,0,1,0,0,0,0
2015-12-23,8,14,12,46,57,54,0,0,0,0,0,0
2015-12-24,7,11,9,44,51,48,0,1,0,0,0,0
2015-12-25,3,12,7,37,53,45,0,0,0,0,0,0
2015-12-26,2,12,7,35,53,45,0,0,0,0,0,0
2015-12-27,-2,9,3,28,48,37,0,1,0,0,0,0
2015-12-28,5,10,8,41,50,46,0,0,0,0,0,0
2015-12-29,1,17,9,33,62,48,0,0,0,0,0,0
2015-12-30,0,12,6,32,53,43,0,0,0,0,0,0
2015-12-31,4,13,9,39,55,48,0,0,0,0,0,0
2016-01-01,5,10,8,41,50,46,0,0,0,0,0,0
2016-01-02,6,11,8,42,51,46,0,0,0,0,0,0
2016-01-03,6,13,9,42,55,48,0,1,0,0,0,0
2016-01-04,9,17,12,48,62,54,0,1,0,0,0,0
2016-01-05,9,13,11,48,55,52,0,1,0,0,0,0
2016-01-06,10,15,12,50,59,54,0,1,0,0,0,0
2016-01-07,8,15,11,46,59,52,0,0,0,0,0,0
2016-01-08,8,13,10,46,55,50,0,0,0,0,0,0
2016-01-09,11,15,13,51,59,55,0,0,0,0,0,0
2016-01-10,11,14,12,51,57,54,0,0,0,0,0,0
2016-01-11,11,15,13,51,59,55,0,0,0,0,0,0
2016-01-12,7,17,12,44,62,54,1,0,0,0,0,0
2016-01-13,9,19,14,48,66,57,0,0,0,0,0,0
2016-01-14,6,14,10,42,57,50,0,0,0,0,0,0
2016-01-15,9,17,12,48,62,54,0,0,0,0,0,0
2016-01-16,14,18,16,57,64,61,0,0,0,0,0,0
2016-01-17,14,16,14,57,60,57,0,1,0,0,0,0
2016-01-18,12,18,14,53,64,57,1,0,0,0,0,0
2016-01-19,11,18,14,51,64,57,0,1,0,0,0,0
2016-01-20,10,16,13,50,60,55,0,0,0,0,0,0
2016-01-21,10,19,14,50,66,57,0,0,0,0,0,0
2016-01-22,14,17,16,57,62,61,0,1,0,0,0,0
2016-01-23,11,15,13,51,59,55,0,0,0,0,0,0
2016-01-24,9,15,12,48,59,54,0,0,0,0,0,0
2016-01-25,8,17,12,46,62,54,0,0,0,0,0,0
2016-01-26,6,16,11,42,60,52,0,0,0,0,0,0
2016-01-27,9,16,12,48,60,54,0,0,0,0,0,0
2016-01-28,8,16,12,46,60,54,0,0,0,0,0,0
2016-01-29,15,19,17,59,66,63,0,1,0,0,0,0
2016-01-30,11,16,13,51,60,55,0,0,0,0,0,0
2016-01-31,9,14,11,48,57,52,0,0,0,0,0,0
2016-02-01,7,14,10,44,57,50,0,0,0,0,0,0
2016-02-02,7,15,11,44,59,52,0,1,0,0,0,0
2016-02-03,5,14,9,41,57,48,0,0,0,0,0,0
2016-02-04,9,16,12,48,60,54,0,0,0,0,0,0
2016-02-05,3,17,10,37,62,50,0,0,0,0,0,0
2016-02-06,6,19,12,42,66,54,0,0,0,0,0,0
2016-02-07,6,22,13,42,71,55,0,0,0,0,0,0
2016-02-08,7,25,16,44,77,61,0,0,0,0,0,0
2016-02-09,6,21,13,42,69,55,0,0,0,0,0,0
2016-02-10,7,21,13,44,69,55,0,0,0,0,0,0
2016-02-11,14,22,19,57,71,66,0,0,0,0,0,0
2016-02-12,10,22,15,50,71,59,0,0,0,0,0,0
2016-02-13,12,20,16,53,68,61,1,0,0,0,0,0
2016-02-14,7,23,14,44,73,57,0,0,0,0,0,0
2016-02-15,10,26,18,50,78,64,0,0,0,0,0,0
2016-02-16,9,27,18,48,80,64,0,0,0,0,0,0
2016-02-17,11,23,17,51,73,63,0,1,0,0,0,0
2016-02-18,11,18,14,51,64,57,0,0,0,0,0,0
2016-02-19,10,18,14,50,64,57,0,0,0,0,0,0
2016-02-20,9,16,12,48,60,54,0,0,0,0,0,0
2016-02-21,5,18,11,41,64,52,0,0,0,0,0,0
2016-02-22,5,21,13,41,69,55,1,0,0,0,0,0
2016-02-23,6,21,13,42,69,55,0,0,0,0,0,0
2016-02-24,7,21,13,44,69,55,0,0,0,0,0,0
2016-02-25,7,22,14,44,71,57,0,0,0,0,0,0
2016-02-26,12,20,16,53,68,61,0,0,0,0,0,0
2016-02-27,12,20,16,53,68,61,0,0,0,0,0,0
2016-02-28,8,20,14,46,68,57,0,0,0,0,0,0
2016-02-29,11,22,16,51,71,61,1,0,0,0,0,0
2016-03-01,9,21,14,48,69,57,0,0,0,0,0,0
2016-03-02,9,19,14,48,66,57,0,0,0,0,0,0
2016-03-03,14,19,17,57,66,63,0,0,0,0,0,0
2016-03-04,14,20,17,57,68,63,0,0,0,0,0,0
2016-03-05,14,19,17,57,66,63,0,1,0,0,0,0
2016-03-06,13,20,17,55,68,63,0,1,0,0,0,0
2016-03-07,13,18,16,55,64,61,0,1,0,0,0,0
2016-03-08,9,17,13,48,62,55,0,0,0,0,0,0
2016-03-09,12,19,16,53,66,61,0,0,0,0,0,0
2016-03-10,16,22,19,60,71,66,0,1,0,0,0,0
2016-03-11,12,18,14,53,64,57,0,1,0,0,0,0
2016-03-12,11,16,13,51,60,55,0,1,0,0,0,0
2016-03-13,13,16,14,55,60,57,0,1,0,0,0,0
2016-03-14,12,17,14,53,62,57,0,0,0,0,0,0
2016-03-15,6,19,12,42,66,54,0,0,0,0,0,0
2016-03-16,6,22,13,42,71,55,0,0,0,0,0,0
2016-03-17,9,26,17,48,78,63,0,0,0,0,0,0
2016-03-18,12,18,14,53,64,57,0,0,0,0,0,0
2016-03-19,10,20,15,50,68,59,0,0,0,0,0,0
2016-03-20,11,21,16,51,69,61,0,0,0,0,0,0
2016-03-21,11,18,14,51,64,57,0,1,0,0,0,0
2016-03-22,7,20,13,44,68,55,0,0,0,0,0,0
2016-03-23,9,18,13,48,64,55,0,0,0,0,0,0
2016-03-24,7,21,13,44,69,55,0,0,0,0,0,0
2016-03-25,9,20,14,48,68,57,0,0,0,0,0,0
2016-03-26,7,22,14,44,71,57,0,0,0,0,0,0
2016-03-27,10,20,15,50,68,59,0,0,0,0,0,0
2016-03-28,10,17,13,50,62,55,0,0,0,0,0,0
2016-03-29,6,20,13,42,68,55,0,0,0,0,0,0
2016-03-30,6,18,12,42,64,54,0,0,0,0,0,0
2016-03-31,7,18,12,44,64,54,0,0,0,0,0,0
2016-04-01,6,18,12,42,64,54,0,0,0,0,0,0
2016-04-02,12,21,16,53,69,61,0,0,0,0,0,0
2016-04-03,12,20,16,53,68,61,0,0,0,0,0,0
2016-04-04,10,21,16,50,69,61,0,0,0,0,0,0
2016-04-05,8,27,17,46,80,63,0,0,0,0,0,0
2016-04-06,10,30,20,50,86,68,0,0,0,0,0,0
2016-04-07,16,22,19,60,71,66,0,0,0,0,0,0
2016-04-08,15,19,17,59,66,63,0,1,0,0,0,0
2016-04-09,15,17,16,59,62,61,0,1,0,0,0,0
2016-04-10,13,16,14,55,60,57,0,1,0,0,0,0
2016-04-11,13,20,17,55,68,63,0,0,0,0,0,0
2016-04-12,12,17,14,53,62,57,0,0,0,0,0,0
2016-04-13,12,20,16,53,68,61,0,0,0,0,0,0
2016-04-14,10,18,14,50,64,57,0,0,0,0,0,0
2016-04-15,8,21,14,46,69,57,0,0,0,0,0,0
2016-04-16,14,29,21,57,84,70,0,0,0,0,0,0
2016-04-17,14,29,21,57,84,70,0,0,0,0,0,0
2016-04-18,10,30,20,50,86,68,0,0,0,0,0,0
2016-04-19,11,27,19,51,80,66,0,0,0,0,0,0
2016-04-20,10,24,17,50,75,63,0,0,0,0,0,0
2016-04-21,15,23,19,59,73,66,0,0,0,0,0,0
2016-04-22,14,17,16,57,62,61,0,1,0,0,0,0
2016-04-23,8,20,14,46,68,57,0,0,0,0,0,0
2016-04-24,12,20,16,53,68,61,0,0,0,0,0,0
2016-04-25,9,18,13,48,64,55,0,0,0,0,0,0
2016-04-26,7,19,13,44,66,55,0,0,0,0,0,0
2016-04-27,12,17,14,53,62,57,0,0,0,0,0,0
2016-04-28,10,23,17,50,73,63,0,0,0,0,0,0
2016-04-29,10,21,16,50,69,61,0,0,0,0,0,0
2016-04-30,12,27,19,53,80,66,0,0,0,0,0,0
2016-05-01,13,28,20,55,82,68,0,0,0,0,0,0
2016-05-02,14,21,17,57,69,63,0,0,0,0,0,0
2016-05-03,14,21,17,57,69,63,0,0,0,0,0,0
2016-05-04,13,21,17,55,69,63,0,0,0,0,0,0
2016-05-05,15,21,18,59,69,64,0,0,0,0,0,0
2016-05-06,15,17,16,59,62,61,0,1,0,0,0,0
2016-05-07,14,19,17,57,66,63,0,0,0,0,0,0
2016-05-08,13,21,17,55,69,63,0,0,0,0,0,0
2016-05-09,14,21,17,57,69,63,0,0,0,0,0,0
2016-05-10,14,21,17,57,69,63,0,0,0,0,0,0
2016-05-11,14,20,17,57,68,63,0,0,0,0,0,0
2016-05-12,14,21,17,57,69,63,0,0,0,0,0,0
2016-05-13,16,23,19,60,73,66,0,0,0,0,0,0
2016-05-14,17,24,21,62,75,70,0,0,0,0,0,0
2016-05-15,15,22,18,59,71,64,0,0,0,0,0,0
2016-05-16,11,27,19,51,80,66,0,0,0,0,0,0
2016-05-17,13,33,23,55,91,73,0,0,0,0,0,0
2016-05-18,16,27,21,60,80,70,0,0,0,0,0,0
2016-05-19,14,21,18,57,69,64,0,0,0,0,0,0
2016-05-20,13,17,14,55,62,57,0,0,0,0,0,0
2016-05-21,14,22,18,57,71,64,0,0,0,0,0,0
2016-05-22,11,20,16,51,68,61,0,0,0,0,0,0
2016-05-23,15,22,18,59,71,64,0,0,0,0,0,0
2016-05-24,14,23,19,57,73,66,0,0,0,0,0,0
2016-05-25,14,22,18,57,71,64,0,0,0,0,0,0
2016-05-26,14,23,18,57,73,64,0,0,0,0,0,0
2016-05-27,12,25,18,53,77,64,0,0,0,0,0,0
2016-05-28,15,29,22,59,84,72,0,0,0,0,0,0
2016-05-29,14,25,19,57,77,66,0,0,0,0,0,0
2016-05-30,14,25,19,57,77,66,0,0,0,0,0,0
2016-05-31,15,27,21,59,80,70,0,0,0,0,0,0
2016-06-01,14,24,19,57,75,66,0,0,0,0,0,0
2016-06-02,16,26,21,60,78,70,0,0,0,0,0,0
2016-06-03,15,32,23,59,89,73,0,0,0,0,0,0
2016-06-04,17,26,21,62,78,70,0,0,0,0,0,0
2016-06-05,16,25,20,60,77,68,0,0,0,0,0,0
2016-06-06,15,21,18,59,69,64,0,0,0,0,0,0
2016-06-07,17,23,20,62,73,68,0,0,0,0,0,0
2016-06-08,15,28,21,59,82,70,0,0,0,0,0,0
2016-06-09,15,21,18,59,69,64,0,0,0,0,0,0
2016-06-10,15,23,19,59,73,66,0,0,0,0,0,0
2016-06-11,13,29,21,55,84,70,0,0,0,0,0,0
2016-06-12,15,26,20,59,78,68,0,0,0,0,0,0
2016-06-13,15,24,19,59,75,66,0,0,0,0,0,0
2016-06-14,13,20,17,55,68,63,0,0,0,0,0,0
2016-06-15,13,20,17,55,68,63,0,0,0,0,0,0
2016-06-16,14,24,19,57,75,66,0,0,0,0,0,0
2016-06-17,15,24,19,59,75,66,0,0,0,0,0,0
2016-06-18,14,25,19,57,77,66,0,0,0,0,0,0
2016-06-19,21,31,26,69,87,79,0,0,0,0,0,0
2016-06-20,15,28,20,59,82,68,0,0,0,0,0,0
2016-06-21,15,28,21,59,82,70,0,0,0,0,0,0
2016-06-22,14,23,18,57,73,64,0,0,0,0,0,0
2016-06-23,14,28,21,57,82,70,0,0,0,0,0,0
2016-06-24,15,26,20,59,78,68,0,0,0,0,0,0
2016-06-25,15,28,21,59,82,70,0,0,0,0,0,0
2016-06-26,15,26,20,59,78,68,0,0,0,0,0,0
2016-06-27,14,26,20,57,78,68,0,0,0,0,0,0
2016-06-28,14,28,21,57,82,70,0,0,0,0,0,0
2016-06-29,12,21,16,53,69,61,0,0,0,0,0,0
2016-06-30,15,25,20,59,77,68,0,0,0,0,0,0
2016-07-01,16,24,20,60,75,68,0,0,0,0,0,0
2016-07-02,14,24,19,57,75,66,0,0,0,0,0,0
2016-07-03,15,23,19,59,73,66,0,0,0,0,0,0
2016-07-04,16,24,20,60,75,68,0,0,0,0,0,0
2016-07-05,15,21,18,59,69,64,0,0,0,0,0,0
2016-07-06,14,22,18,57,71,64,0,0,0,0,0,0
2016-07-07,15,21,18,59,69,64,0,0,0,0,0,0
2016-07-08,16,22,19,60,71,66,0,0,0,0,0,0
2016-07-09,17,27,22,62,80,72,0,0,0,0,0,0
2016-07-10,13,27,20,55,80,68,0,0,0,0,0,0
2016-07-11,14,26,20,57,78,68,0,0,0,0,0,0
2016-07-12,14,25,19,57,77,66,0,0,0,0,0,0
2016-07-13,15,28,21,59,82,70,0,0,0,0,0,0
2016-07-14,16,25,20,60,77,68,0,0,0,0,0,0
2016-07-15,15,24,19,59,75,66,0,0,0,0,0,0
2016-07-16,16,25,20,60,77,68,0,0,0,0,0,0
2016-07-17,14,22,18,57,71,64,0,0,0,0,0,0
2016-07-18,14,22,18,57,71,64,0,0,0,0,0,0
2016-07-19,13,23,18,55,73,64,0,0,0,0,0,0
2016-07-20,13,23,18,55,73,64,0,0,0,0,0,0
2016-07-21,15,28,21,59,82,70,0,0,0,0,0,0
2016-07-22,13,24,18,55,75,64,0,0,0,0,0,0
2016-07-23,14,27,20,57,80,68,0,0,0,0,0,0
2016-07-24,14,25,19,57,77,66,0,0,0,0,0,0
2016-07-25,16,25,20,60,77,68,0,0,0,0,0,0
2016-07-26,14,29,21,57,84,70,0,0,0,0,0,0
2016-07-27,15,27,21,59,80,70,0,0,0,0,0,0
2016-07-28,15,25,20,59,77,68,0,0,0,0,0,0
2016-07-29,16,25,20,60,77,68,0,0,0,0,0,0
2016-07-30,16,24,20,60,75,68,0,0,0,0,0,0
2016-07-31,16,23,19,60,73,66,0,0,0,0,0,0
2016-08-01,17,23,20,62,73,68,0,0,0,0,0,0
2016-08-02,16,24,19,60,75,66,0,0,0,0,0,0
2016-08-03,16,24,20,60,75,68,0,0,0,0,0,0
2016-08-04,15,21,18,59,69,64,0,0,0,0,0,0
2016-08-05,16,22,19,60,71,66,0,0,0,0,0,0
2016-08-06,15,21,18,59,69,64,0,0,0,0,0,0
2016-08-07,11,23,17,51,73,63,0,0,0,0,0,0
2016-08-08,13,20,16,55,68,61,0,0,0,0,0,0
2016-08-09,15,25,20,59,77,68,0,0,0,0,0,0
2016-08-10,15,25,20,59,77,68,0,0,0,0,0,0
2016-08-11,16,24,20,60,75,68,0,0,0,0,0,0
2016-08-12,16,24,20,60,75,68,0,0,0,0,0,0
2016-08-13,15,26,20,59,78,68,0,0,0,0,0,0
2016-08-14,15,24,19,59,75,66,0,0,0,0,0,0
2016-08-15,15,22,18,59,71,64,0,0,0,0,0,0
2016-08-16,16,25,20,60,77,68,0,0,0,0,0,0
2016-08-17,16,25,20,60,77,68,0,0,0,0,0,0
2016-08-18,16,24,20,60,75,68,0,0,0,0,0,0
2016-08-19,17,23,20,62,73,68,0,0,0,0,0,0
2016-08-20,16,22,19,60,71,66,0,0,0,0,0,0
2016-08-21,16,22,19,60,71,66,0,0,0,0,0,0
2016-08-22,16,22,19,60,71,66,0,0,0,0,0,0
2016-08-23,18,22,20,64,71,68,0,0,0,0,0,0
2016-08-24,16,22,19,60,71,66,0,0,0,0,0,0
2016-08-25,15,29,22,59,84,72,0,0,0,0,0,0
2016-08-26,17,24,20,62,75,68,0,0,0,0,0,0
2016-08-27,17,23,20,62,73,68,0,0,0,0,0,0
2016-08-28,15,23,19,59,73,66,0,0,0,0,0,0
2016-08-29,15,23,19,59,73,66,0,0,0,0,0,0
2016-08-30,13,26,19,55,78,66,0,0,0,0,0,0
2016-08-31,14,25,19,57,77,66,0,0,0,0,0,0
2016-09-01,15,21,18,59,69,64,0,0,0,0,0,0
2016-09-02,11,25,18,51,77,64,0,0,0,0,0,0
2016-09-03,14,23,18,57,73,64,0,0,0,0,0,0
2016-09-04,13,23,18,55,73,64,0,0,0,0,0,0
2016-09-05,9,23,16,48,73,61,0,0,0,0,0,0
2016-09-06,10,28,19,50,82,66,0,0,0,0,0,0
2016-09-07,13,33,23,55,91,73,0,0,0,0,0,0
2016-09-08,16,23,19,60,73,66,0,0,0,0,0,0
2016-09-09,16,22,19,60,71,66,0,0,0,0,0,0
2016-09-10,16,22,19,60,71,66,0,0,0,0,0,0
2016-09-11,16,22,19,60,71,66,0,0,0,0,0,0
2016-09-12,14,22,18,57,71,64,0,0,0,0,0,0
2016-09-13,14,23,18,57,73,64,0,0,0,0,0,0
2016-09-14,11,25,18,51,77,64,0,0,0,0,0,0
2016-09-15,13,22,17,55,71,63,0,0,0,0,0,0
2016-09-16,14,23,18,57,73,64,0,0,0,0,0,0
2016-09-17,15,25,20,59,77,68,0,0,0,0,0,0
2016-09-18,12,30,21,53,86,70,0,0,0,0,0,0
2016-09-19,14,30,21,57,86,70,0,0,0,0,0,0
2016-09-20,0,0,18,0,0,64,0,0,0,0,0,0
2016-09-21,14,23,18,57,73,64,0,0,0,0,0,0
2016-09-22,14,23,18,57,73,64,0,0,0,0,0,0
2016-09-23,10,25,18,50,77,64,0,0,0,0,0,0
2016-09-24,13,30,21,55,86,70,0,0,0,0,0,0
2016-09-25,13,35,24,55,95,75,0,0,0,0,0,0
2016-09-26,14,34,24,57,93,75,0,0,0,0,0,0
2016-09-27,14,29,21,57,84,70,0,0,0,0,0,0
2016-09-28,12,23,17,53,73,63,0,0,0,0,0,0
2016-09-29,14,20,18,57,68,64,0,0,0,0,0,0
2016-09-30,13,21,17,55,69,63,0,0,0,0,0,0
2016-10-01,10,23,17,50,73,63,0,0,0,0,0,0
2016-10-02,13,21,17,55,69,63,0,0,0,0,0,0
2016-10-03,10,19,14,50,66,57,0,0,0,0,0,0
2016-10-04,15,22,18,59,71,64,0,0,0,0,0,0
2016-10-05,9,23,16,48,73,61,0,0,0,0,0,0
2016-10-06,10,25,18,50,77,64,0,0,0,0,0,0
2016-10-07,11,29,20,51,84,68,0,0,0,0,0,0
2016-10-08,10,30,20,50,86,68,0,0,0,0,0,0
2016-10-09,11,25,18,51,77,64,0,0,0,0,0,0
2016-10-10,12,21,16,53,69,61,0,0,0,0,0,0
2016-10-11,14,29,22,57,84,72,0,0,0,0,0,0
2016-10-12,14,19,17,57,66,63,0,0,0,0,0,0
2016-10-13,10,21,16,50,69,61,0,0,0,0,0,0
2016-10-14,17,21,19,62,69,66,0,1,0,0,0,0
2016-10-15,14,23,18,57,73,64,1,1,0,0,0,0
2016-10-16,17,20,18,62,68,64,0,1,0,0,0,0
2016-10-17,13,20,17,55,68,63,0,0,0,0,0,0
2016-10-18,11,21,16,51,69,61,0,0,0,0,0,0
2016-10-19,11,25,18,51,77,64,0,0,0,0,0,0
2016-10-20,10,26,18,50,78,64,0,0,0,0,0,0
2016-10-21,12,23,17,53,73,63,0,0,0,0,0,0
2016-10-22,11,21,16,51,69,61,0,0,0,0,0,0
2016-10-23,8,20,14,46,68,57,0,0,0,0,0,0
2016-10-24,17,20,18,62,68,64,0,0,0,0,0,0
2016-10-25,18,21,19,64,69,66,0,0,0,0,0,0
2016-10-26,12,24,18,53,75,64,0,0,0,0,0,0
2016-10-27,15,20,18,59,68,64,0,1,0,0,0,0
2016-10-28,16,21,18,60,69,64,0,1,0,0,0,0
2016-10-29,16,22,19,60,71,66,0,0,0,0,0,0
2016-10-30,15,20,18,59,68,64,0,1,0,0,0,0
2016-10-31,10,19,14,50,66,57,0,0,0,0,0,0
2016-11-01,12,18,14,53,64,57,0,0,0,0,0,0
2016-11-02,8,20,14,46,68,57,0,0,0,0,0,0
2016-11-03,9,22,14,48,71,57,0,0,0,0,0,0
2016-11-04,10,22,16,50,71,61,0,0,0,0,0,0
2016-11-05,9,20,14,48,68,57,0,0,0,0,0,0
2016-11-06,14,21,17,57,69,63,0,0,0,0,0,0
2016-11-07,13,21,17,55,69,63,0,0,0,0,0,0
2016-11-08,12,24,18,53,75,64,0,0,0,0,0,0
2016-11-09,11,23,17,51,73,63,0,0,0,0,0,0
2016-11-10,12,22,17,53,71,63,0,0,0,0,0,0
2016-11-11,13,22,17,55,71,63,1,0,0,0,0,0
2016-11-12,14,22,18,57,71,64,0,0,0,0,0,0
2016-11-13,10,20,15,50,68,59,0,0,0,0,0,0
2016-11-14,13,17,14,55,62,57,1,0,0,0,0,0
2016-11-15,14,19,17,57,66,63,0,0,0,0,0,0
2016-11-16,10,17,13,50,62,55,0,0,0,0,0,0
2016-11-17,6,17,11,42,62,52,0,0,0,0,0,0
2016-11-18,7,21,13,44,69,55,0,0,0,0,0,0
2016-11-19,14,17,16,57,62,61,0,1,0,0,0,0
2016-11-20,12,17,14,53,62,57,0,1,0,0,0,0
2016-11-21,10,17,13,50,62,55,0,0,0,0,0,0
2016-11-22,5,15,10,41,59,50,0,0,0,0,0,0
2016-11-23,8,17,12,46,62,54,0,0,0,0,0,0
2016-11-24,3,15,9,37,59,48,0,0,0,0,0,0
2016-11-25,4,15,9,39,59,48,0,0,0,0,0,0
2016-11-26,10,13,11,50,55,52,0,1,0,0,0,0
2016-11-27,10,15,12,50,59,54,0,0,0,0,0,0
2016-11-28,10,16,13,50,60,55,0,0,0,0,0,0
2016-11-29,6,16,11,42,60,52,0,0,0,0,0,0
2016-11-30,7,15,11,44,59,52,0,0,0,0,0,0
2016-12-01,5,16,10,41,60,50,0,0,0,0,0,0
2016-12-02,8,17,12,46,62,54,0,0,0,0,0,0
2016-12-03,6,17,11,42,62,52,0,0,0,0,0,0
2016-12-04,4,14,9,39,57,48,0,0,0,0,0,0
2016-12-05,9,14,12,48,57,54,0,0,0,0,0,0
2016-12-06,4,14,9,39,57,48,0,0,0,0,0,0
2016-12-07,8,11,9,46,51,48,0,1,0,0,0,0
2016-12-08,12,18,14,53,64,57,0,1,0,0,0,0
2016-12-09,14,18,16,57,64,61,0,0,0,0,0,0
2016-12-10,14,18,16,57,64,61,0,1,0,0,0,0
2016-12-11,9,12,10,48,53,50,0,0,0,0,0,0
2016-12-12,9,14,11,48,57,52,0,0,0,0,0,0
2016-12-13,10,14,12,50,57,54,0,0,0,0,0,0
2016-12-14,13,17,14,55,62,57,0,0,0,0,0,0
2016-12-15,15,17,16,59,62,61,0,1,0,0,0,0
2016-12-16,8,13,11,46,55,52,0,0,0,0,0,0
2016-12-17,3,11,7,37,51,45,0,0,0,0,0,0
2016-12-18,1,12,6,33,53,43,0,0,0,0,0,0
2016-12-19,0,13,7,32,55,45,0,0,0,0,0,0
2016-12-20,2,13,7,35,55,45,0,0,0,0,0,0
2016-12-21,8,18,13,46,64,55,0,0,0,0,0,0
2016-12-22,4,17,10,39,62,50,0,0,0,0,0,0
2016-12-23,8,12,10,46,53,50,0,1,0,0,0,0
2016-12-24,6,12,9,42,53,48,0,0,0,0,0,0
2016-12-25,3,12,7,37,53,45,0,0,0,0,0,0
2016-12-26,3,12,7,37,53,45,0,0,0,0,0,0
2016-12-27,2,13,7,35,55,45,0,0,0,0,0,0
2016-12-28,2,17,9,35,62,48,0,0,0,0,0,0
2016-12-29,3,17,10,37,62,50,0,0,0,0,0,0
2016-12-30,5,15,10,41,59,50,0,0,0,0,0,0
2016-12-31,5,13,9,41,55,48,0,0,0,0,0,0
2017-01-01,8,13,10,46,55,50,0,1,0,0,0,0
2017-01-02,6,11,8,42,51,46,0,1,0,0,0,0
2017-01-03,10,13,11,50,55,52,0,1,0,0,0,0
2017-01-04,9,13,11,48,55,52,0,1,0,0,0,0
2017-01-05,5,11,8,41,51,46,0,0,0,0,0,0
2017-01-06,2,10,6,35,50,43,0,1,0,0,0,0
2017-01-07,11,16,13,51,60,55,0,1,0,0,0,0
2017-01-08,15,18,17,59,64,63,0,1,0,0,0,0
2017-01-09,12,15,13,53,59,55,0,0,0,0,0,0
2017-01-10,13,16,14,55,60,57,0,1,0,0,0,0
2017-01-11,10,13,11,50,55,52,0,1,0,0,0,0
2017-01-12,7,12,10,44,53,50,0,0,0,0,0,0
2017-01-13,5,14,9,41,57,48,0,0,0,0,0,0
2017-01-14,7,15,11,44,59,52,0,0,0,0,0,0
2017-01-15,3,11,7,37,51,45,0,0,0,0,0,0
2017-01-16,3,14,8,37,57,46,0,0,0,0,0,0
2017-01-17,3,12,7,37,53,45,0,0,0,0,0,0
2017-01-18,10,12,11,50,53,52,0,1,0,0,0,0
2017-01-19,10,15,12,50,59,54,0,1,0,0,1,0
2017-01-20,9,13,11,48,55,52,0,1,0,0,0,0
2017-01-21,9,14,11,48,57,52,0,1,0,0,0,0
2017-01-22,9,14,11,48,57,52,0,1,0,0,0,0
2017-01-23,7,11,9,44,51,48,0,1,0,0,0,0
2017-01-24,4,13,8,39,55,46,0,0,0,0,0,0
2017-01-25,4,13,8,39,55,46,0,0,0,0,0,0
2017-01-26,6,15,10,42,59,50,0,0,0,0,0,0
2017-01-27,4,16,10,39,60,50,0,0,0,0,0,0
2017-01-28,3,17,10,37,62,50,0,0,0,0,0,0
2017-01-29,3,17,10,37,62,50,0,0,0,0,0,0
2017-01-30,3,16,9,37,60,48,0,0,0,0,0,0
2017-01-31,3,15,9,37,59,48,0,0,0,0,0,0
2017-02-01,7,16,11,44,60,52,0,0,0,0,0,0
2017-02-02,13,18,16,55,64,61,0,0,0,0,0,0
2017-02-03,13,18,16,55,64,61,0,0,0,0,0,0
2017-02-04,11,17,14,51,62,57,0,0,0,0,0,0
2017-02-05,9,16,12,48,60,54,0,0,0,0,0,0
2017-02-06,13,16,14,55,60,57,0,1,0,0,0,0
2017-02-07,14,18,16,57,64,61,0,1,0,0,0,0
2017-02-08,16,20,18,60,68,64,0,1,0,0,0,0
2017-02-09,15,18,17,59,64,63,0,1,0,0,0,0
2017-02-10,12,16,13,53,60,55,0,1,0,0,0,0
2017-02-11,9,17,13,48,62,55,0,0,0,0,0,0
2017-02-12,6,19,12,42,66,54,0,0,0,0,0,0
2017-02-13,7,16,11,44,60,52,1,0,0,0,0,0
2017-02-14,7,19,13,44,66,55,0,0,0,0,0,0
2017-02-15,11,20,16,51,68,61,0,0,0,0,0,0
2017-02-16,13,19,17,55,66,63,0,1,0,0,0,0
2017-02-17,12,15,13,53,59,55,0,1,0,0,0,0
2017-02-18,11,15,13,51,59,55,0,0,0,0,0,0
2017-02-19,10,14,12,50,57,54,0,0,0,0,0,0
2017-02-20,13,16,14,55,60,57,0,1,0,0,0,0
2017-02-21,11,16,13,51,60,55,0,1,0,0,0,0
2017-02-22,6,14,10,42,57,50,0,0,0,0,0,0
2017-02-23,6,13,9,42,55,48,0,0,0,0,0,0
2017-02-24,4,13,8,39,55,46,0,0,0,0,0,0
2017-02-25,5,15,10,41,59,50,0,0,0,0,0,0
2017-02-26,5,15,10,41,59,50,0,0,0,0,0,0
2017-02-27,7,14,10,44,57,50,0,0,0,0,0,0
2017-02-28,4,16,10,39,60,50,0,0,0,0,0,0
2017-03-01,7,18,12,44,64,54,0,0,0,0,0,0
2017-03-02,5,19,12,41,66,54,0,0,0,0,0,0
2017-03-03,6,18,12,42,64,54,0,0,0,0,0,0
2017-03-04,9,17,13,48,62,55,0,1,0,0,0,0
2017-03-05,7,11,9,44,51,48,0,1,0,0,0,0
2017-03-06,6,13,9,42,55,48,0,1,0,0,0,0
2017-03-07,5,17,11,41,62,52,0,0,0,0,0,0
2017-03-08,7,20,13,44,68,55,0,0,0,0,0,0
2017-03-09,10,21,16,50,69,61,0,0,0,0,0,0
2017-03-10,11,21,16,51,69,61,0,0,0,0,0,0
2017-03-11,10,21,16,50,69,61,0,0,0,0,0,0
2017-03-12,9,23,16,48,73,61,1,0,0,0,0,0
2017-03-13,9,25,17,48,77,63,0,0,0,0,0,0
2017-03-14,11,25,18,51,77,64,0,0,0,0,0,0
2017-03-15,12,17,14,53,62,57,0,0,0,0,0,0
2017-03-16,12,21,17,53,69,63,0,0,0,0,0,0
2017-03-17,7,23,14,44,73,57,0,0,0,0,0,0
2017-03-18,11,19,14,51,66,57,0,0,0,0,0,0
2017-03-19,13,18,16,55,64,61,0,0,0,0,0,0
2017-03-20,13,17,14,55,62,57,0,1,0,0,0,0
2017-03-21,15,20,18,59,68,64,0,1,0,0,0,0
2017-03-22,11,16,13,51,60,55,0,1,0,0,0,0
2017-03-23,9,16,12,48,60,54,0,0,0,0,0,0
2017-03-24,12,14,13,53,57,55,0,1,0,0,0,0
2017-03-25,12,18,14,53,64,57,0,0,0,0,0,0
2017-03-26,11,18,14,51,64,57,0,0,0,0,0,0
2017-03-27,10,18,14,50,64,57,0,0,0,0,0,0
2017-03-28,8,23,16,46,73,61,0,0,0,0,0,0
2017-03-29,10,22,16,50,71,61,0,0,0,0,0,0
2017-03-30,12,18,14,53,64,57,0,0,0,0,0,0
2017-03-31,12,22,17,53,71,63,0,0,0,0,0,0
2017-04-01,10,26,18,50,78,64,0,0,0,0,0,0
2017-04-02,11,25,18,51,77,64,0,0,0,0,0,0
2017-04-03,14,22,18,57,71,64,0,0,0,0,0,0
2017-04-04,11,21,16,51,69,61,0,0,0,0,0,0
2017-04-05,15,23,19,59,73,66,0,0,0,0,0,0
2017-04-06,12,19,16,53,66,61,0,1,0,0,0,0
2017-04-07,14,19,17,57,66,63,0,1,0,0,0,0
2017-04-08,10,14,12,50,57,54,0,1,0,0,0,0
2017-04-09,5,17,11,41,62,52,0,0,0,0,0,0
2017-04-10,7,19,13,44,66,55,0,0,0,0,0,0
2017-04-11,13,20,17,55,68,63,0,0,0,0,0,0
2017-04-12,15,20,18,59,68,64,0,0,0,0,0,0
2017-04-13,10,16,13,50,60,55,0,0,0,0,0,0
2017-04-14,8,18,13,46,64,55,0,0,0,0,0,0
2017-04-15,15,18,17,59,64,63,0,0,0,0,0,0
2017-04-16,12,17,14,53,62,57,0,1,0,0,0,0
2017-04-17,14,18,16,57,64,61,0,1,0,0,0,0
2017-04-18,13,20,17,55,68,63,0,1,0,0,0,0
2017-04-19,8,21,14,46,69,57,0,0,0,0,0,0
2017-04-20,12,21,16,53,69,61,1,0,0,0,0,0
2017-04-21,10,25,18,50,77,64,0,0,0,0,0,0
2017-04-22,10,20,15,50,68,59,0,0,0,0,0,0
2017-04-23,14,19,17,57,66,63,0,0,0,0,0,0
2017-04-24,13,17,14,55,62,57,0,0,0,0,0,0
2017-04-25,12,19,16,53,66,61,0,0,0,0,0,0
2017-04-26,15,20,18,59,68,64,0,0,0,0,0,0
2017-04-27,12,19,16,53,66,61,0,0,0,0,0,0
2017-04-28,9,24,17,48,75,63,0,0,0,0,0,0
2017-04-29,12,27,19,53,80,66,0,0,0,0,0,0
2017-04-30,10,25,18,50,77,64,0,0,0,0,0,0
2017-05-01,13,31,22,55,87,72,0,0,0,0,0,0
2017-05-02,15,33,24,59,91,75,0,0,0,0,0,0
2017-05-03,16,31,23,60,87,73,0,0,0,0,0,0
2017-05-04,15,22,18,59,71,64,0,0,0,0,0,0
2017-05-05,13,20,17,55,68,63,0,0,0,0,0,0
2017-05-06,10,18,14,50,64,57,0,0,0,0,0,0
2017-05-07,10,23,17,50,73,63,0,0,0,0,0,0
2017-05-08,11,22,16,51,71,61,0,0,0,0,0,0
2017-05-09,12,24,18,53,75,64,0,0,0,0,0,0
2017-05-10,12,22,17,53,71,63,0,0,0,0,0,0
2017-05-11,14,21,17,57,69,63,0,0,0,0,0,0
2017-05-12,15,19,18,59,66,64,0,0,0,0,0,0
2017-05-13,12,19,16,53,66,61,0,0,0,0,0,0
2017-05-14,10,18,14,50,64,57,0,0,0,0,0,0
2017-05-15,10,21,16,50,69,61,0,0,0,0,0,0
2017-05-16,12,18,14,53,64,57,0,0,0,0,0,0
2017-05-17,12,22,17,53,71,63,0,0,0,0,0,0
2017-05-18,11,27,19,51,80,66,0,0,0,0,0,0
2017-05-19,14,29,21,57,84,70,0,0,0,0,0,0
2017-05-20,13,28,20,55,82,68,0,0,0,0,0,0
2017-05-21,15,27,21,59,80,70,0,0,0,0,0,0
2017-05-22,14,24,19,57,75,66,0,0,0,0,0,0
2017-05-23,15,22,18,59,71,64,0,0,0,0,0,0
2017-05-24,14,21,17,57,69,63,0,0,0,0,0,0
2017-05-25,13,22,17,55,71,63,0,0,0,0,0,0
2017-05-26,14,20,17,57,68,63,0,0,0,0,0,0
2017-05-27,13,18,16,55,64,61,0,0,0,0,0,0
2017-05-28,13,19,16,55,66,61,0,0,0,0,0,0
2017-05-29,13,20,17,55,68,63,0,0,0,0,0,0
2017-05-30,13,20,17,55,68,63,0,0,0,0,0,0
2017-05-31,13,24,18,55,75,64,0,0,0,0,0,0
2017-06-01,16,24,19,60,75,66,0,0,0,0,0,0
2017-06-02,12,26,19,54,78,66,0,0,0,0,0,0
2017-06-03,13,22,17,55,71,63,0,0,0,0,0,0
2017-06-04,13,23,18,55,73,64,0,0,0,0,0,0
2017-06-05,11,24,17,51,75,63,0,0,0,0,0,0
2017-06-06,13,21,17,55,69,63,0,0,0,0,0,0
2017-06-07,13,21,17,55,69,63,0,0,0,0,0,0
2017-06-08,16,21,18,60,69,64,0,1,0,0,0,0
2017-06-09,15,21,18,59,69,64,0,1,0,0,0,0
2017-06-10,14,22,18,57,71,64,0,0,0,0,0,0
2017-06-11,14,19,17,57,66,63,0,0,0,0,0,0
2017-06-12,13,21,17,55,69,63,0,0,0,0,0,0
2017-06-13,12,25,18,53,77,64,0,0,0,0,0,0
2017-06-14,17,26,21,62,78,70,0,0,0,0,0,0
2017-06-15,15,26,20,59,78,68,0,0,0,0,0,0
2017-06-16,18,28,23,64,82,73,0,0,0,0,0,0
2017-06-17,17,31,23,62,87,73,0,0,0,0,0,0
2017-06-18,22,35,28,71,95,82,0,0,0,0,0,0
2017-06-19,19,28,23,66,82,73,0,0,0,0,0,0
2017-06-20,18,26,22,64,78,72,0,0,0,0,0,0
2017-06-21,16,28,22,60,82,72,0,0,0,0,0,0
2017-06-22,20,30,26,68,86,79,0,0,0,0,0,0
2017-06-23,18,25,21,64,77,70,0,0,0,0,0,0
2017-06-24,17,22,19,62,71,66,0,0,0,0,0,0
2017-06-25,16,22,19,60,71,66,0,0,0,0,0,0
2017-06-26,18,24,21,64,75,70,0,0,0,0,0,0
2017-06-27,15,22,19,59,71,66,0,0,0,0,0,0
2017-06-28,14,21,17,57,69,63,0,0,0,0,0,0
2017-06-29,15,21,18,59,69,64,0,0,0,0,0,0
2017-06-30,16,23,20,60,73,68,0,0,0,0,0,0
2017-07-01,13,23,18,55,73,64,0,0,0,0,0,0
2017-07-02,16,24,20,60,75,68,0,0,0,0,0,0
2017-07-03,15,24,19,59,75,66,0,0,0,0,0,0
2017-07-04,16,23,19,60,73,66,0,0,0,0,0,0
2017-07-05,15,22,18,59,71,64,0,0,0,0,0,0
2017-07-06,15,27,21,59,80,70,0,0,0,0,0,0
2017-07-07,22,26,24,71,78,75,0,0,0,0,0,0
2017-07-08,17,28,22,62,82,72,0,0,0,0,0,0
2017-07-09,15,25,20,59,77,68,0,0,0,0,0,0
2017-07-10,16,23,19,60,73,66,0,0,0,0,0,0
2017-07-11,15,24,19,59,75,66,0,0,0,0,0,0
2017-07-12,17,24,20,62,75,68,0,0,0,0,0,0
2017-07-13,16,24,20,60,75,68,0,0,0,0,0,0
2017-07-14,16,25,20,60,77,68,0,0,0,0,0,0
2017-07-15,15,30,22,59,86,72,0,0,0,0,0,0
2017-07-16,18,33,26,64,91,79,0,0,0,0,0,0
2017-07-17,17,25,21,62,77,70,0,0,0,0,0,0
2017-07-18,15,22,18,59,71,64,0,0,0,0,0,0
2017-07-19,15,25,20,59,77,68,0,0,0,0,0,0
2017-07-20,13,26,20,55,78,68,0,0,0,0,0,0
2017-07-21,14,27,19,57,80,66,0,0,0,0,0,0
2017-07-22,17,28,22,62,82,72,0,0,0,0,0,0
2017-07-23,16,24,20,60,75,68,0,0,0,0,0,0
2017-07-24,17,25,21,62,77,70,0,0,0,0,0,0
2017-07-25,16,25,20,60,77,68,0,0,0,0,0,0
2017-07-26,17,24,20,62,75,68,0,0,0,0,0,0
2017-07-27,16,27,21,60,80,70,0,0,0,0,0,0
2017-07-28,15,22,18,59,71,64,0,0,0,0,0,0
2017-07-29,17,22,19,62,71,66,0,0,0,0,0,0
2017-07-30,17,24,20,62,75,68,0,0,0,0,0,0
2017-07-31,17,24,20,62,75,68,0,0,0,0,0,0
2017-08-01,15,27,21,59,80,70,0,0,0,0,0,0
2017-08-02,17,30,23,62,86,73,0,0,0,0,0,0
2017-08-03,20,26,23,68,78,73,0,0,0,0,0,0
2017-08-04,21,24,23,69,75,73,0,0,0,0,0,0
2017-08-05,18,24,21,64,75,70,0,0,0,0,0,0
2017-08-06,17,23,20,62,73,68,0,0,0,0,0,0
2017-08-07,16,22,19,60,71,66,0,0,0,0,0,0
2017-08-08,17,22,19,62,71,66,0,0,0,0,0,0
2017-08-09,17,23,21,62,73,70,0,0,0,0,0,0
2017-08-10,17,23,20,62,73,68,0,0,0,0,0,0
2017-08-11,17,23,20,62,73,68,0,0,0,0,0,0
2017-08-12,16,21,18,60,69,64,0,0,0,0,0,0
2017-08-13,13,25,19,55,77,66,0,0,0,0,0,0
2017-08-14,16,23,19,60,73,66,0,0,0,0,0,0
2017-08-15,16,24,20,60,75,68,0,0,0,0,0,0
2017-08-16,16,24,20,60,75,68,0,0,0,0,0,0
2017-08-17,16,24,20,60,75,68,0,0,0,0,0,0
2017-08-18,17,23,20,62,73,68,0,0,0,0,0,0
2017-08-19,18,24,21,64,75,70,0,0,0,0,0,0
2017-08-20,15,25,20,59,77,68,0,0,0,0,0,0
2017-08-21,19,24,21,66,75,70,0,0,0,0,0,0
2017-08-22,18,24,21,64,75,70,0,0,0,0,0,0
2017-08-23,17,23,20,62,73,68,0,0,0,0,0,0
2017-08-24,15,22,18,59,71,64,0,0,0,0,0,0
2017-08-25,16,24,20,60,75,68,0,0,0,0,0,0
2017-08-26,14,30,22,57,86,72,0,0,0,0,0,0
2017-08-27,16,29,22,60,84,72,0,0,0,0,0,0
2017-08-28,16,25,20,60,77,68,0,0,0,0,0,0
2017-08-29,15,22,18,59,71,64,0,0,0,0,0,0
2017-08-30,17,23,20,62,73,68,0,0,0,0,0,0
2017-08-31,13,33,23,55,91,73,0,0,0,0,0,0
2017-09-01,18,42,30,64,107,86,0,0,0,0,0,0
2017-09-02,20,41,30,68,105,86,0,0,0,0,0,0
2017-09-03,23,32,27,73,89,81,0,0,0,0,0,0
2017-09-04,19,27,23,66,80,73,0,0,0,0,0,0
2017-09-05,21,29,26,69,84,79,0,0,0,0,0,0
2017-09-06,19,25,22,66,77,72,0,0,0,0,0,0
2017-09-07,20,24,22,68,75,72,0,0,0,0,0,0
2017-09-08,17,24,20,62,75,68,0,0,0,0,0,0
2017-09-09,19,26,22,66,78,72,0,0,0,0,0,0
2017-09-10,16,29,22,60,84,72,0,0,0,0,0,0
2017-09-11,22,31,26,71,87,79,0,0,0,0,0,0
2017-09-12,19,29,24,66,84,75,0,0,0,0,0,0
2017-09-13,19,25,22,66,77,72,0,0,0,0,0,0
2017-09-14,17,25,21,62,77,70,0,0,0,0,0,0
2017-09-15,12,26,19,53,78,66,0,0,0,0,0,0
2017-09-16,15,24,19,59,75,66,0,0,0,0,0,0
2017-09-17,12,25,18,53,77,64,0,0,0,0,0,0
2017-09-18,17,25,21,62,77,70,0,0,0,0,0,0
2017-09-19,15,25,20,59,77,68,0,0,0,0,0,0
2017-09-20,17,24,20,62,75,68,0,0,0,0,0,0
2017-09-21,15,21,18,59,69,64,0,0,0,0,0,0
2017-09-22,10,22,16,50,71,61,0,0,0,0,0,0
2017-09-23,9,28,18,48,82,64,0,0,0,0,0,0
2017-09-24,10,28,19,50,82,66,0,0,0,0,0,0
2017-09-25,11,31,21,51,87,70,0,0,0,0,0,0
2017-09-26,15,33,24,59,91,75,0,0,0,0,0,0
2017-09-27,14,30,22,57,86,72,0,0,0,0,0,0
2017-09-28,14,30,22,57,86,72,0,0,0,0,0,0
2017-09-29,13,22,17,55,71,63,0,0,0,0,0,0
2017-09-30,15,25,20,59,77,68,0,0,0,0,0,0
2017-10-01,12,27,19,53,80,66,0,0,0,0,0,0
2017-10-02,12,26,19,53,78,66,0,0,0,0,0,0
2017-10-03,10,25,18,50,77,64,0,0,0,0,0,0
2017-10-04,9,25,17,48,77,63,0,0,0,0,0,0
2017-10-05,9,26,17,48,78,63,0,0,0,0,0,0
2017-10-06,9,30,19,48,86,66,0,0,0,0,0,0
2017-10-07,10,26,18,50,78,64,0,0,0,0,0,0
2017-10-08,10,28,19,50,82,66,0,0,0,0,0,0
2017-10-09,11,27,19,51,80,66,0,0,0,0,0,0
2017-10-10,10,25,18,50,77,64,0,0,0,0,0,0
2017-10-11,13,21,17,55,69,63,0,0,0,0,0,0
2017-10-12,7,24,16,44,75,61,0,0,0,0,0,0
2017-10-13,8,24,16,46,75,61,0,0,0,0,0,0
2017-10-14,8,25,17,46,77,63,0,0,0,0,0,0
2017-10-15,7,27,17,44,80,63,0,0,0,0,0,0
2017-10-16,9,28,18,48,82,64,0,0,0,0,0,0
2017-10-17,11,23,17,51,73,63,0,0,0,0,0,0
2017-10-18,11,19,14,51,66,57,0,0,0,0,0,0
2017-10-20,11,18,14,51,64,57,0,0,0,0,0,0
2017-10-21,8,21,14,46,69,57,0,0,0,0,0,0
2017-10-22,8,24,16,46,75,61,0,0,0,0,0,0
2017-10-23,12,31,21,53,87,70,0,0,0,0,0,0
2017-10-24,14,33,23,57,91,73,0,0,0,0,0,0
2017-10-25,12,30,21,53,86,70,0,0,0,0,0,0
2017-10-26,12,30,21,53,86,70,0,0,0,0,0,0
2017-10-27,12,27,19,53,80,66,0,0,0,0,0,0
2017-10-28,12,23,17,53,73,63,0,0,0,0,0,0
2017-10-29,12,17,14,53,62,57,0,0,0,0,0,0
2017-10-30,13,18,16,55,64,61,0,0,0,0,0,0
2017-10-31,10,20,15,50,68,59,0,0,0,0,0,0
2017-11-01,8,20,14,46,68,57,0,0,0,0,0,0
2017-11-02,10,19,14,50,66,57,0,0,0,0,0,0
2017-11-03,14,19,17,57,66,63,0,0,0,0,0,0
2017-11-04,12,17,14,53,62,57,0,1,0,0,0,0
2017-11-05,9,15,12,48,59,54,0,0,0,0,0,0
2017-11-06,10,18,14,50,64,57,0,0,0,0,0,0
2017-11-07,5,18,11,41,64,52,0,0,0,0,0,0
2017-11-08,11,19,14,51,66,57,0,0,0,0,0,0
2017-11-09,15,20,18,59,68,64,0,0,0,0,0,0
2017-11-10,12,19,16,53,66,61,0,0,0,0,0,0
2017-11-11,11,19,14,51,66,57,0,0,0,0,0,0
2017-11-12,9,19,14,48,66,57,0,0,0,0,0,0
2017-11-13,12,21,16,53,69,61,0,0,0,0,0,0
2017-11-14,11,18,14,51,64,57,0,0,0,0,0,0
2017-11-15,11,21,16,51,69,61,0,0,0,0,0,0
2017-11-16,13,14,13,55,57,55,0,1,0,0,0,0
2017-11-17,10,17,13,50,62,55,0,0,0,0,0,0
2017-11-18,4,17,11,39,62,52,0,0,0,0,0,0
2017-11-19,5,17,11,41,62,52,0,0,0,0,0,0
2017-11-20,13,18,16,55,64,61,0,0,0,0,0,0
2017-11-21,13,21,17,55,69,63,0,0,0,0,0,0
2017-11-22,10,21,16,50,69,61,0,0,0,0,0,0
2017-11-23,12,21,16,53,69,61,0,0,0,0,0,0
2017-11-24,12,13,12,53,55,54,1,0,0,0,0,0
2017-11-25,10,21,16,50,69,61,0,0,0,0,0,0
2017-11-26,15,19,17,59,66,63,0,1,0,0,0,0
2017-11-27,10,16,13,50,60,55,0,0,0,0,0,0
2017-11-28,5,16,10,41,60,50,0,0,0,0,0,0
2017-11-29,7,18,12,44,64,54,0,0,0,0,0,0
2017-11-30,8,19,13,46,66,55,0,0,0,0,0,0
2017-12-01,4,16,10,39,60,50,0,0,0,0,0,0
2017-12-02,6,15,10,42,59,50,0,0,0,0,0,0
2017-12-03,7,15,11,44,59,52,0,0,0,0,0,0
2017-12-04,3,17,10,37,62,50,0,0,0,0,0,0
2017-12-05,5,19,12,41,66,54,0,0,0,0,0,0
2017-12-06,2,18,10,35,64,50,0,0,0,0,0,0
2017-12-07,3,18,10,37,64,50,0,0,0,0,0,0
2017-12-08,2,19,10,35,66,50,0,0,0,0,0,0
2017-12-09,2,18,10,35,64,50,0,0,0,0,0,0
2017-12-10,1,20,10,33,68,50,0,0,0,0,0,0
2017-12-11,3,21,12,37,69,54,0,0,0,0,0,0
2017-12-12,2,18,10,35,64,50,0,0,0,0,0,0
2017-12-13,1,17,9,33,62,48,0,0,0,0,0,0
2017-12-14,2,21,11,35,69,52,0,0,0,0,0,0
2017-12-15,3,14,8,37,57,46,0,0,0,0,0,0
2017-12-16,10,17,13,50,62,55,0,0,0,0,0,0
2017-12-17,5,17,11,41,62,52,0,0,0,0,0,0
2017-12-18,2,15,8,35,59,46,0,0,0,0,0,0
2017-12-19,3,14,8,37,57,46,0,0,0,0,0,0
2017-12-20,6,14,10,42,57,50,0,0,0,0,0,0
2017-12-21,2,14,8,35,57,46,0,0,0,0,0,0
2017-12-22,8,9,8,46,48,46,0,0,0,0,0,0
2017-12-23,6,14,10,42,57,50,0,0,0,0,0,0
2017-12-24,6,11,8,42,51,46,0,0,0,0,0,0
2017-12-25,4,14,9,39,57,48,0,0,0,0,0,0
2017-12-26,2,16,9,35,60,48,0,0,0,0,0,0
2017-12-27,2,14,8,35,57,46,0,0,0,0,0,0
2017-12-28,3,16,9,37,60,48,0,0,0,0,0,0
2017-12-29,3,14,8,37,57,46,0,0,0,0,0,0
2017-12-30,3,14,8,37,57,46,0,0,0,0,0,0
2017-12-31,7,14,10,44,57,50,0,0,0,0,0,0
2018-01-01,4,17,10,39,62,50,0,0,0,0,0,0
2018-01-02,8,14,11,46,57,52,0,0,0,0,0,0
2018-01-03,9,12,10,48,53,50,0,0,0,0,0,0
2018-01-04,11,19,14,51,66,57,0,1,0,0,0,0
2018-01-05,12,18,16,53,64,61,0,0,0,0,0,0
2018-01-06,9,14,12,48,57,54,0,0,0,0,0,0
2018-01-07,8,12,10,46,53,50,0,0,0,0,0,0
2018-01-08,11,15,11,51,59,52,0,1,0,0,0,0
2018-01-09,0,0,13,0,0,55,0,1,0,0,0,0
2018-01-10,9,14,11,48,57,52,0,0,0,0,0,0
2018-01-11,11,17,13,51,62,55,0,0,0,0,0,0
2018-01-12,9,13,11,48,55,52,1,0,0,0,0,0
2018-01-13,5,16,10,41,60,50,0,0,0,0,0,0
2018-01-14,9,15,11,48,59,52,1,0,0,0,0,0
2018-01-15,10,16,13,50,60,55,0,0,0,0,0,0
2018-01-16,12,16,13,53,60,55,0,0,0,0,0,0
2018-01-17,13,17,15,55,62,59,0,0,0,0,0,0
2018-01-19,8,14,11,46,57,52,0,0,0,0,0,0
2018-01-20,7,14,12,44,57,54,0,0,0,0,0,0
2018-01-21,2,14,8,35,57,46,0,0,0,0,0,0
2018-01-22,8,15,12,46,59,54,0,1,0,0,0,0
2018-01-23,8,15,12,46,59,54,0,0,0,0,0,0
2018-01-24,7,16,12,44,60,54,0,1,0,0,0,0
2018-01-25,6,14,10,42,57,50,0,0,0,0,0,0
2018-01-26,7,15,12,44,59,54,0,0,0,0,0,0
2018-01-27,3,16,10,37,60,50,0,0,0,0,0,0
2018-01-28,7,21,14,44,69,57,0,0,0,0,0,0
2018-01-29,6,17,12,42,62,54,0,0,0,0,0,0
2018-01-30,6,17,12,42,62,54,0,0,0,0,0,0
2018-01-31,5,19,12,41,66,54,0,0,0,0,0,0
2018-02-01,8,21,14,46,69,57,0,0,0,0,0,0
2018-02-02,8,23,16,46,73,61,0,0,0,0,0,0
2018-02-03,10,25,18,50,77,64,0,0,0,0,0,0
2018-02-04,9,23,16,48,73,61,0,0,0,0,0,0
2018-02-05,9,24,16,48,75,61,0,0,0,0,0,0
2018-02-06,10,24,17,50,75,63,0,0,0,0,0,0
2018-02-07,6,23,14,42,73,57,0,0,0,0,0,0
2018-02-08,10,17,12,50,62,54,0,0,0,0,0,0
2018-02-09,9,11,9,48,51,48,0,0,0,0,0,0
2018-02-22,0,0,14,0,0,57,0,0,0,0,0,0
2018-02-23,0,0,20,0,0,68,0,0,0,0,0,0
2018-02-24,0,0,0,0,0,32,0,0,0,0,0,0
2018-02-26,0,0,10,0,0,50,0,1,0,0,0,0
2018-02-27,0,0,10,0,0,50,0,0,0,0,0,0
2018-02-28,0,0,8,0,0,46,0,0,0,0,0,0
2018-03-01,11,15,13,51,59,55,0,1,0,0,0,0
2018-03-02,7,13,10,44,55,50,0,1,0,0,0,0
2018-03-03,5,13,9,41,55,48,0,0,0,0,0,0
2018-03-04,3,14,8,37,57,46,0,0,0,0,0,0
2018-03-05,7,16,12,44,60,54,0,0,0,0,0,0
2018-03-06,4,20,12,39,68,54,0,0,0,0,0,0
2018-03-07,9,21,15,48,69,59,0,0,0,0,0,0
2018-03-08,12,20,16,53,68,61,0,0,0,0,0,0
2018-03-09,8,18,13,46,64,55,0,0,0,0,0,0
2018-03-10,11,15,13,51,59,55,0,0,0,0,0,0
2018-03-11,9,20,14,48,68,57,1,0,0,0,0,0
2018-03-12,10,23,16,50,73,61,0,0,0,0,0,0
2018-03-13,0,0,13,0,0,55,0,0,0,0,0,0
2018-03-14,10,12,11,50,53,52,0,1,0,0,0,0
2018-03-15,5,14,10,41,57,50,0,0,0,0,0,0
2018-03-16,10,13,12,50,55,54,0,0,0,0,0,0
2018-03-17,6,13,10,42,56,50,0,1,0,0,0,0
2018-03-18,10,12,11,50,53,52,0,0,0,0,0,0
2018-03-19,3,19,11,37,66,52,0,0,0,0,0,0
2018-03-20,11,13,12,51,55,54,0,1,0,0,0,0
2018-03-21,14,20,17,57,68,63,0,0,0,0,0,0
2018-03-22,9,16,13,48,60,55,0,1,0,0,0,0
2018-03-23,5,16,10,41,60,50,0,0,0,0,0,0
2018-03-24,9,14,12,48,57,54,0,1,0,0,0,0
2018-03-25,4,16,10,39,60,50,0,0,0,0,0,0
2018-03-26,6,10,8,42,50,46,0,0,0,0,0,0
2018-05-21,0,0,14,0,0,57,0,0,0,0,0,0
2018-05-23,0,0,18,0,0,64,0,0,0,0,0,0
2018-05-24,0,0,15,0,0,59,0,0,0,0,0,0
2018-05-25,13,19,16,55,66,61,0,0,0,0,0,0
2018-05-26,13,20,16,55,68,61,0,0,0,0,0,0
2018-05-27,11,24,18,51,75,64,0,0,0,0,0,0
2018-05-28,14,29,22,57,84,72,0,0,0,0,0,0
2018-05-29,16,25,20,60,77,68,0,0,0,0,0,0
2018-05-30,13,19,16,55,66,61,0,0,0,0,0,0
2018-05-31,13,17,16,55,62,61,0,0,0,0,0,0
2018-06-01,10,27,18,50,80,64,0,0,0,0,0,0
2018-06-02,14,31,22,57,87,72,0,0,0,0,0,0
2018-06-03,15,28,22,59,82,72,0,0,0,0,0,0
2018-06-04,15,24,20,59,75,68,0,0,0,0,0,0
2018-06-05,13,23,18,55,73,64,0,0,0,0,0,0
2018-06-06,13,18,16,55,64,61,0,0,0,0,0,0
2018-06-07,14,22,18,57,71,64,0,0,0,0,0,0
2018-06-08,14,24,19,57,75,66,0,0,0,0,0,0
2018-06-09,13,22,18,56,72,64,0,0,0,0,0,0
2018-06-10,11,23,17,51,73,63,0,0,0,0,0,0
2018-06-11,13,25,19,55,77,66,0,0,0,0,0,0
2018-06-12,16,26,21,60,78,70,0,0,0,0,0,0
2018-06-13,14,26,20,57,78,68,0,0,0,0,0,0
2018-06-14,16,24,20,60,75,68,0,0,0,0,0,0
2018-06-15,14,23,18,57,73,64,0,0,0,0,0,0
2018-06-16,15,23,19,59,73,66,0,0,0,0,0,0
2018-06-17,15,22,18,59,71,64,0,0,0,0,0,0
2018-06-18,16,22,18,60,71,64,0,0,0,0,0,0
2018-06-19,14,20,17,57,68,63,0,0,0,0,0,0
2018-06-20,13,20,16,55,68,61,0,0,0,0,0,0
2018-06-21,13,22,18,55,71,64,0,0,0,0,0,0
2018-06-22,14,28,21,57,82,70,0,0,0,0,0,0
2018-06-23,17,31,24,62,87,75,0,0,0,0,0,0
2018-06-24,16,26,21,60,78,70,0,0,0,0,0,0
2018-06-25,17,23,20,62,73,68,0,0,0,0,0,0
2018-06-26,14,22,18,57,71,64,0,0,0,0,0,0
2018-06-27,15,21,18,59,69,64,0,0,0,0,0,0
2018-06-28,14,24,18,57,75,64,0,0,0,0,0,0
2018-06-29,13,27,20,55,80,68,0,0,0,0,0,0
2018-06-30,16,29,22,60,84,72,0,0,0,0,0,0
2018-07-01,16,23,19,60,73,66,0,0,0,0,0,0
2018-07-02,14,21,17,57,69,63,0,0,0,0,0,0
2018-07-03,15,24,20,59,75,68,0,0,0,0,0,0
2018-07-04,14,25,20,57,77,68,0,0,0,0,0,0
2018-07-05,15,24,20,59,75,68,0,0,0,0,0,0
2018-07-06,19,32,26,66,89,79,0,0,0,0,0,0
2018-07-07,17,28,22,62,82,72,0,0,0,0,0,0
2018-07-08,15,26,20,59,78,68,0,0,0,0,0,0
2018-07-09,15,28,22,59,82,72,0,0,0,0,0,0
2018-07-10,16,30,23,60,86,73,0,0,0,0,0,0
2018-07-11,15,25,20,59,77,68,0,0,0,0,0,0
2018-07-12,17,24,20,62,75,68,0,0,0,0,0,0
2018-07-13,18,26,22,64,78,72,0,0,0,0,0,0
2018-07-16,17,24,22,62,75,72,0,0,0,0,0,0
2018-07-17,16,24,20,60,75,68,0,0,0,0,0,0
2018-07-18,16,25,20,60,77,68,0,0,0,0,0,0
2018-07-19,17,24,20,62,75,68,0,0,0,0,0,0
2018-07-20,16,27,22,60,80,72,0,0,0,0,0,0
2018-07-21,18,24,21,64,75,70,0,0,0,0,0,0
2018-07-22,18,24,21,64,75,70,0,0,0,0,0,0
2018-07-23,17,25,21,62,77,70,0,0,0,0,0,0
2018-07-24,16,24,20,60,75,68,0,0,0,0,0,0
2018-07-25,16,26,21,60,78,70,0,0,0,0,0,0
2018-07-26,15,22,18,59,71,64,0,0,0,0,0,0
2018-07-27,15,20,17,59,68,63,0,0,0,0,0,0
2018-07-28,14,23,18,57,73,64,0,0,0,0,0,0
2018-07-29,15,21,18,59,69,64,0,0,0,0,0,0
2018-07-30,15,21,18,59,69,64,0,0,0,0,0,0
2018-07-31,15,21,18,59,69,64,0,0,0,0,0,0
2018-08-01,13,23,17,55,73,63,0,0,0,0,0,0
2018-08-02,15,22,18,59,71,64,0,0,0,0,0,0
2018-08-03,12,25,18,53,77,64,0,0,0,0,0,0
2018-08-04,18,30,24,64,86,75,0,0,0,0,0,0
2018-08-05,13,25,19,55,77,66,0,0,0,0,0,0
2018-08-06,12,24,18,53,75,64,0,0,0,0,0,0
2018-08-07,13,21,17,55,69,63,0,0,0,0,0,0
2018-08-08,15,24,20,59,75,68,0,0,0,0,0,0
2018-08-09,15,27,16,59,80,61,0,0,0,0,0,0
2018-08-10,19,24,23,66,75,73,0,0,0,0,0,0
2018-08-11,15,24,20,59,75,68,0,0,0,0,0,0
2018-08-12,15,24,20,59,75,68,0,0,0,0,0,0
2018-08-13,16,21,18,60,69,64,0,0,0,0,0,0
2018-08-14,15,23,19,59,73,66,0,0,0,0,0,0
2018-08-15,17,23,20,62,73,68,0,0,0,0,0,0
2018-08-16,15,23,19,59,73,66,0,0,0,0,0,0
2018-08-17,16,26,21,60,78,70,0,0,0,0,0,0
2018-08-18,13,27,20,55,80,68,0,0,0,0,0,0
2018-08-19,15,22,18,59,71,64,0,0,0,0,0,0
2018-08-20,16,22,19,60,71,66,0,0,0,0,0,0
2018-08-21,25,26,26,77,78,79,0,0,0,0,0,0
2018-09-06,0,0,19,0,0,66,0,0,0,0,0,0
2018-09-07,0,0,17,0,0,62,0,0,0,0,0,0
2018-09-08,0,0,18,0,0,63,0,0,0,0,0,0
2018-09-10,17,27,23,62,80,73,0,0,0,0,0,0
2018-09-11,12,24,18,53,75,64,0,0,0,0,0,0
2018-09-12,14,21,18,57,69,63,0,0,0,0,0,0
2018-09-13,14,23,18,57,73,65,0,0,0,0,0,0
2018-09-14,11,23,17,51,73,62,0,0,0,0,0,0
2018-09-15,12,23,18,53,73,63,0,0,0,0,0,0
2018-09-16,12,24,18,53,75,64,0,0,0,0,0,0
2018-09-17,13,23,18,55,73,64,0,0,0,0,0,0
2018-09-18,10,21,16,50,69,60,0,0,0,0,0,0
2018-09-19,10,23,16,50,73,62,0,0,0,0,0,0
2018-09-20,11,26,18,51,78,64,0,0,0,0,0,0
2018-09-21,12,24,18,53,75,64,0,0,0,0,0,0
2018-09-22,15,22,18,59,71,65,0,0,0,0,0,0
2018-09-23,10,20,14,50,68,58,0,0,0,0,0,0
2018-09-24,10,26,18,50,78,64,0,0,0,0,0,0
2018-09-25,15,23,19,59,73,66,0,0,0,0,0,0
2018-09-26,14,25,20,57,77,67,0,0,0,0,0,0
2018-09-27,14,21,18,57,69,63,0,0,0,0,0,0
2018-09-28,15,20,18,59,68,64,0,0,0,0,0,0
2018-09-29,14,22,18,57,71,64,0,0,0,0,0,0
2018-09-30,14,24,19,57,75,66,0,0,0,0,0,0
2018-10-01,16,24,20,60,75,68,0,0,0,0,0,0
2018-10-02,18,24,21,64,75,70,0,1,0,0,0,0
2018-10-03,18,25,22,64,77,70,0,0,0,0,0,0
2018-10-04,16,23,20,60,73,68,0,0,0,0,0,0
2018-10-05,13,22,18,55,71,63,0,0,0,0,0,0
2018-10-06,12,24,18,53,75,64,0,0,0,0,0,0
2018-10-07,15,28,22,59,82,70,0,0,0,0,0,0
2018-10-08,16,29,22,60,84,72,0,0,0,0,0,0
2018-10-09,13,22,18,55,71,63,0,0,0,0,0,0
2018-10-10,11,21,16,51,69,60,0,0,0,0,0,0
2018-10-11,12,22,17,53,71,62,0,0,0,0,0,0
2018-10-12,11,26,18,51,78,64,0,0,0,0,0,0
2018-10-13,12,22,17,53,71,62,0,0,0,0,0,0
2018-10-14,14,23,19,57,73,66,0,0,0,0,0,0
2018-10-15,10,28,19,50,82,66,0,0,0,0,0,0
2018-10-16,13,23,18,55,73,64,0,0,0,0,0,0
2018-10-17,12,23,18,53,73,63,0,0,0,0,0,0
2018-10-18,13,21,17,55,69,62,0,0,0,0,0,0
2018-10-19,10,24,17,50,75,62,0,0,0,0,0,0
2018-10-20,10,21,16,50,69,60,0,0,0,0,0,0
2018-10-21,13,18,16,55,64,60,0,0,0,0,0,0
2018-10-22,13,18,16,55,64,60,0,0,0,0,0,0
2018-10-23,12,18,15,53,64,58,0,0,0,0,0,0
2018-10-24,10,22,16,50,71,60,0,0,0,0,0,0
2018-10-25,14,20,17,57,68,62,0,0,0,0,0,0
2018-10-26,10,23,16,50,73,62,0,0,0,0,0,0
2018-10-27,11,23,17,51,73,62,1,0,0,0,0,0
2018-10-28,11,22,16,51,71,61,1,0,0,0,0,0
2018-10-29,10,22,16,50,71,60,0,0,0,0,0,0
2018-10-30,8,23,16,46,73,60,0,0,0,0,0,0
2018-10-31,8,26,17,46,78,62,0,0,0,0,0,0
2018-11-01,12,27,20,53,80,66,0,0,0,0,0,0
2018-11-02,12,24,18,53,75,64,0,0,0,0,0,0
2018-11-03,14,24,19,57,75,66,0,0,0,0,0,0
2018-11-04,14,20,18,57,68,64,0,0,0,0,0,0
2018-11-05,9,22,16,48,71,60,0,0,0,0,0,0
2018-11-06,7,26,16,44,78,61,0,0,0,0,0,0
2018-11-07,7,23,15,44,73,58,0,0,0,0,0,0
2018-11-08,8,21,14,46,69,58,0,0,0,0,0,0
2018-11-09,7,21,14,44,69,56,0,0,0,0,0,0
2018-11-10,4,16,10,39,60,50,0,0,0,0,0,0
2018-11-11,4,20,12,39,68,54,0,0,0,0,0,0
2018-11-12,3,18,10,37,64,50,0,0,0,0,0,0
2018-11-13,5,17,11,41,62,52,0,0,0,0,0,0
2018-11-14,4,18,11,39,64,52,0,0,0,0,0,0
2018-11-15,3,17,10,37,62,50,0,0,0,0,0,0
2018-11-16,3,17,10,37,62,50,0,0,0,0,0,0
2018-11-17,3,16,10,37,60,48,0,0,0,0,0,0
2018-11-18,8,15,12,46,59,52,0,0,0,0,0,0
2018-11-19,5,16,10,41,60,50,0,0,0,0,0,0
2018-11-20,7,18,12,44,64,54,0,0,0,0,0,0
2018-11-21,14,17,16,57,62,60,0,1,0,0,0,0
2018-11-22,10,18,14,50,64,57,0,0,0,0,0,0
2018-11-23,13,17,15,55,62,58,0,1,0,0,0,0
2018-11-24,11,17,15,51,62,58,0,0,0,0,0,0
2018-11-25,7,19,13,44,66,55,0,0,0,0,0,0
2018-11-26,7,17,12,44,62,53,0,0,0,0,0,0
2018-11-27,15,17,16,59,62,60,0,1,0,0,0,0
2018-11-28,14,17,16,57,62,60,0,1,0,0,0,0
2018-11-29,13,14,14,55,57,56,0,1,0,0,0,0
2018-11-30,11,15,13,51,59,55,0,0,0,0,0,0
2018-12-01,10,15,12,50,59,54,0,0,0,0,0,0
2018-12-02,5,13,9,41,55,48,0,0,0,0,0,0
2018-12-03,8,14,11,46,57,52,0,0,0,0,0,0
2018-12-04,10,12,11,50,53,52,0,1,0,0,0,0
2018-12-05,10,14,12,50,57,54,0,0,0,0,0,0
2018-12-06,10,16,13,50,60,55,0,0,0,0,0,0
2018-12-07,5,17,11,41,62,52,0,0,0,0,0,0
2018-12-08,5,16,10,41,60,50,0,0,0,0,0,0
2018-12-09,5,12,8,41,53,47,0,0,0,0,0,0
2018-12-10,8,14,12,46,57,52,0,0,0,0,0,0
2018-12-11,7,14,10,44,57,50,1,0,0,0,0,0
2018-12-12,10,17,14,50,62,56,0,0,0,0,0,0
2018-12-13,5,16,10,41,60,50,0,0,0,0,0,0
2018-12-14,9,18,14,48,64,56,0,0,0,0,0,0
2018-12-15,10,18,14,50,64,57,0,0,0,0,0,0
2018-12-16,14,17,16,57,62,60,0,1,0,0,0,0
2018-12-17,9,15,12,48,59,54,1,0,0,0,0,0
2018-12-18,7,17,12,44,62,53,0,0,0,0,0,0
2018-12-19,10,16,13,50,60,55,0,0,0,0,0,0
2018-12-20,11,11,11,51,51,51,0,0,0,0,0,0
2018-12-21,11,14,12,51,57,54,0,0,0,0,0,0
2018-12-22,9,15,12,48,59,54,0,0,0,0,0,0
2018-12-23,7,16,12,44,60,52,0,0,0,0,0,0
2018-12-24,10,16,13,50,60,55,0,0,0,0,0,0
2018-12-25,9,16,12,48,60,54,0,0,0,0,0,0
2018-12-26,8,12,10,46,53,50,0,0,0,0,0,0
2018-12-27,7,16,12,44,60,52,0,0,0,0,0,0
2018-12-28,6,15,12,42,59,52,0,0,0,0,0,0
2018-12-29,2,16,9,35,60,48,0,0,0,0,0,0
2018-12-30,4,15,10,39,59,49,0,0,0,0,0,0
2018-12-31,7,12,10,44,53,48,0,0,0,0,0,0
2019-01-01,4,13,9,39,55,48,0,0,0,0,0,0
2019-01-02,0,14,7,32,57,44,0,0,0,0,0,0
2019-01-03,0,13,6,32,55,44,0,0,0,0,0,0
2019-01-04,1,13,6,33,55,43,0,0,0,0,0,0
2019-01-05,9,14,12,48,58,53,0,1,0,0,0,0
2019-01-06,11,15,13,51,59,55,0,1,0,0,0,0
2019-01-07,10,17,14,50,62,56,0,0,0,0,0,0
2019-01-08,13,17,15,55,62,58,0,1,0,0,0,0
2019-01-09,11,17,14,51,62,56,0,0,0,0,0,0
2019-01-10,7,14,10,44,57,50,1,0,0,0,0,0
2019-01-11,10,15,12,50,59,54,0,0,0,0,0,0
2019-01-12,10,17,14,50,62,56,0,0,0,0,0,0
2019-01-13,6,14,10,42,57,50,0,0,0,0,0,0
2019-01-14,10,15,12,50,59,54,0,0,0,0,0,0
2019-01-15,12,14,13,53,57,55,0,1,0,0,0,0
2019-01-16,13,16,14,55,60,58,0,1,0,0,0,0
2019-01-17,13,16,14,55,60,58,0,1,0,0,0,0
2019-01-18,11,17,14,51,62,56,0,0,0,0,0,0
2019-01-19,13,18,16,55,64,60,0,0,0,0,0,0
2019-01-20,10,16,13,50,60,55,0,1,0,0,0,0
2019-01-21,7,14,10,44,57,50,0,0,0,0,0,0
2019-01-22,5,15,10,41,59,50,0,0,0,0,0,0
2019-01-23,4,16,10,39,60,50,0,0,0,0,0,0
2019-01-24,6,18,12,42,64,53,0,0,0,0,0,0
2019-01-25,5,19,12,41,66,54,0,0,0,0,0,0
2019-01-26,5,19,12,41,66,54,0,0,0,0,0,0
2019-01-27,11,19,16,51,66,60,0,0,0,0,0,0
2019-01-28,10,18,14,50,64,57,0,0,0,0,0,0
2019-01-29,11,15,13,51,59,55,0,0,0,0,0,0
2019-01-30,11,17,14,51,62,56,0,0,0,0,0,0
2019-01-31,11,16,14,51,60,56,0,0,0,0,0,0
2019-02-01,12,15,14,53,59,56,0,1,0,0,0,0
2019-02-02,11,15,14,51,59,56,0,1,0,0,0,0
2019-02-03,11,13,12,51,55,53,0,1,0,0,0,0
2019-02-04,7,11,9,44,51,48,0,1,0,0,0,0
2019-02-05,4,10,7,39,50,44,0,0,0,0,0,0
2019-02-06,2,12,7,35,53,44,0,0,0,0,0,0
2019-02-07,2,13,8,35,55,45,0,0,0,0,0,0
2019-02-08,7,12,10,44,53,48,0,1,0,0,0,0
2019-02-09,5,12,8,41,53,47,0,1,0,0,0,0
2019-02-10,5,11,8,41,51,46,0,1,0,0,0,0
2019-02-11,5,12,8,41,53,47,0,0,0,0,0,0
2019-02-12,4,12,8,39,53,46,0,1,0,0,0,0
2019-02-13,8,16,11,46,60,52,0,1,0,0,0,0
2019-02-14,11,12,12,51,53,53,0,1,0,0,0,0
2019-02-15,8,11,10,46,51,48,0,1,0,0,1,0
2019-02-16,7,12,10,44,53,48,0,1,0,0,0,0
2019-02-17,6,12,9,42,53,48,0,0,0,0,0,0
2019-02-18,4,13,8,39,55,47,0,0,0,0,0,0
2019-02-19,5,5,5,41,41,41,0,0,0,0,0,0
2019-02-20,5,12,9,41,54,48,0,0,0,0,0,0
2019-02-21,4,12,8,40,54,47,0,0,0,0,0,0
2019-02-22,4,13,9,40,55,48,0,0,0,0,0,0
2019-02-23,8,13,11,46,56,51,0,0,0,0,0,0
2019-02-24,9,14,11,48,57,52,0,0,0,0,0,0
2019-02-25,12,13,12,53,55,54,0,0,0,0,0,0
2019-02-26,12,14,13,54,57,56,0,1,0,0,0,0
2019-02-27,9,14,12,48,58,53,0,1,0,0,0,0
2019-02-28,8,13,11,46,56,51,0,0,0,0,0,0
2019-03-01,11,13,12,52,56,54,0,1,0,0,0,0
2019-03-02,12,14,13,54,58,56,0,1,0,0,0,0
2019-03-03,9,14,12,49,57,53,0,0,0,0,0,0
2019-03-04,11,13,12,51,55,53,0,0,0,0,0,0
2019-03-05,12,14,13,54,57,56,0,0,0,0,0,0
2019-03-06,9,13,11,49,56,52,0,1,0,0,0,0
2019-03-07,7,11,9,44,52,48,0,0,0,0,0,0
2019-03-08,7,12,9,44,53,48,0,0,0,0,0,0
2019-03-09,8,11,9,46,52,49,0,0,0,0,0,0
2019-03-10,6,12,9,43,54,48,0,0,0,0,0,0
2019-03-11,8,17,13,47,63,55,0,0,0,0,0,0
2019-03-12,7,14,11,45,57,51,0,0,0,0,0,0
2019-03-13,8,16,12,46,61,54,0,0,0,0,0,0
2019-03-14,8,18,13,46,64,55,0,0,0,0,0,0
2019-03-15,8,19,14,47,67,57,0,0,0,0,0,0
2019-03-16,10,21,16,50,70,60,0,0,0,0,0,0
2019-03-17,12,22,17,53,72,62,0,0,0,0,0,0
2019-03-18,12,23,17,53,73,63,0,0,0,0,0,0
2019-03-19,11,21,16,51,69,60,0,0,0,0,0,0
2019-03-20,8,15,11,46,59,52,0,1,0,0,0,0
2019-03-21,9,16,12,48,61,54,0,0,0,0,0,0
2019-03-22,11,14,12,51,57,54,0,1,0,0,0,0
2019-03-23,8,16,12,46,60,53,0,1,0,0,0,0
2019-03-24,11,17,14,51,63,57,0,0,0,0,0,0
2019-03-25,9,16,13,49,61,55,0,1,0,0,0,0
2019-03-26,13,18,16,55,64,60,0,0,0,0,0,0
2019-03-27,10,15,12,50,59,54,0,1,0,0,0,0
2019-03-28,9,16,12,48,60,54,0,0,0,0,0,0
2019-03-29,9,16,12,48,61,54,0,0,0,0,0,0
2019-03-30,11,18,14,51,65,58,0,0,0,0,0,0
2019-03-31,13,22,18,55,72,64,0,0,0,0,0,0
2019-04-01,12,18,15,54,64,59,0,0,0,0,0,0
2019-04-02,12,16,13,53,60,56,0,0,0,0,0,0
2019-04-03,12,15,13,54,59,56,0,0,0,0,0,0
2019-04-04,12,16,14,54,60,57,0,0,0,0,0,0
2019-04-05,12,16,14,54,61,58,0,1,0,0,0,0
2019-04-06,13,19,16,56,66,61,0,0,0,0,0,0
2019-04-07,15,22,18,59,71,65,0,0,0,0,0,0
2019-04-08,12,21,17,53,70,62,0,0,0,0,0,0
2019-04-09,10,17,13,50,63,56,0,0,0,0,0,0
2019-04-10,12,19,16,53,67,60,0,0,0,0,0,0
2019-04-11,9,16,13,49,61,55,0,0,0,0,0,0
2019-04-12,12,20,16,53,68,60,0,0,0,0,0,0
2019-04-13,9,23,16,49,73,61,0,0,0,0,0,0
2019-04-14,8,17,12,47,62,54,0,0,0,0,0,0
2019-04-15,9,16,13,49,61,55,0,0,0,0,0,0
2019-04-16,9,18,13,48,65,56,0,0,0,0,0,0
2019-04-17,11,23,17,52,73,62,0,0,0,0,0,0
2019-04-18,14,26,20,57,79,68,0,0,0,0,0,0
2019-04-19,11,23,17,52,73,62,0,0,0,0,0,0
2019-04-20,8,16,12,47,60,54,0,0,0,0,0,0
2019-04-21,11,20,16,51,68,60,0,0,0,0,0,0
2019-04-22,16,27,21,60,80,70,0,0,0,0,0,0
2019-04-23,17,31,23,62,87,74,0,0,0,0,0,0
2019-04-24,14,29,21,57,84,70,0,0,0,0,0,0
2019-04-25,13,24,18,55,75,65,0,0,0,0,0,0
2019-04-26,11,24,18,52,76,64,0,0,0,0,0,0
2019-04-27,11,21,16,51,69,60,0,0,0,0,0,0
2019-04-28,10,19,14,50,66,58,0,0,0,0,0,0
2019-04-29,11,19,15,51,67,59,0,0,0,0,0,0
2019-04-30,9,18,13,48,64,56,0,0,0,0,0,0
2019-05-01,11,23,17,51,73,62,0,0,0,0,0,0
2019-05-02,11,23,17,51,74,62,0,0,0,0,0,0
2019-05-03,10,23,17,50,74,62,0,0,0,0,0,0
2019-05-04,9,20,14,49,68,58,0,0,0,0,0,0
2019-05-05,11,17,13,51,62,56,0,0,0,0,0,0
2019-05-06,11,16,13,51,61,56,0,0,0,0,0,0
2019-05-07,11,19,15,52,66,59,0,0,0,0,0,0
2019-05-08,12,20,16,53,68,60,0,0,0,0,0,0
2019-05-09,11,17,14,52,63,58,0,0,0,0,0,0
2019-05-10,12,22,17,54,71,62,0,0,0,0,0,0
2019-05-11,12,21,16,53,69,61,0,0,0,0,0,0
2019-05-12,11,20,16,52,68,60,0,0,0,0,0,0
2019-05-13,12,21,17,53,70,62,0,0,0,0,0,0
2019-05-14,13,18,16,55,65,60,0,0,0,0,0,0
2019-05-15,11,19,14,51,66,58,0,1,0,0,0,0
2019-05-16,9,15,12,49,59,54,0,1,0,0,0,0
2019-05-17,8,17,13,47,63,55,0,0,0,0,0,0
2019-05-18,9,13,11,49,56,52,0,1,0,0,0,0
2019-05-19,9,16,12,48,60,54,0,1,0,0,0,0
2019-05-20,11,17,14,51,63,57,0,1,0,0,0,0
2019-05-21,11,14,12,51,58,54,0,0,0,0,0,0
2019-05-22,12,21,16,53,69,61,0,0,0,0,0,0
2019-05-23,12,21,17,53,70,62,0,0,0,0,0,0
2019-05-24,11,21,16,51,70,60,0,0,0,0,0,0
2019-05-25,10,19,14,50,67,58,0,0,0,0,0,0
2019-05-26,9,15,12,49,59,54,0,0,0,0,0,0
2019-05-27,11,16,13,51,61,56,0,0,0,0,0,0
2019-05-28,12,21,17,53,70,62,0,0,0,0,0,0
2019-05-29,11,22,17,52,72,62,0,0,0,0,0,0
2019-05-30,12,17,14,54,63,58,0,0,0,0,0,0
2019-05-31,13,25,19,55,77,66,0,0,0,0,0,0
2019-06-01,13,24,19,56,76,66,0,0,0,0,0,0
2019-06-02,13,22,18,55,72,64,0,0,0,0,0,0
2019-06-03,13,25,19,56,77,66,0,0,0,0,0,0
2019-06-04,16,29,22,60,85,72,0,0,0,0,0,0
2019-06-05,13,27,20,55,81,68,0,0,0,0,0,0
2019-06-06,10,19,14,50,67,58,0,0,0,0,0,0
2019-06-07,14,23,18,57,73,65,0,0,0,0,0,0
2019-06-08,17,29,23,63,84,74,0,0,0,0,0,0
2019-06-09,22,33,28,72,92,82,0,0,0,0,0,0
2019-06-10,22,37,29,71,99,85,0,0,0,0,0,0
2019-06-11,21,37,29,69,99,84,0,0,0,0,0,0
2019-06-12,14,31,23,58,88,73,0,0,0,0,0,0
2019-06-13,13,23,18,55,74,64,0,0,0,0,0,0
2019-06-14,12,20,16,53,68,60,0,0,0,0,0,0
2019-06-15,12,18,14,53,64,58,0,0,0,0,0,0
2019-06-16,12,20,16,54,68,61,0,0,0,0,0,0
2019-06-17,14,24,19,58,75,66,0,0,0,0,0,0
2019-06-18,14,25,19,57,77,67,0,0,0,0,0,0
2019-06-19,14,24,19,57,75,66,0,0,0,0,0,0
2019-06-20,12,21,17,54,70,62,0,0,0,0,0,0
2019-06-21,13,23,18,55,74,64,0,0,0,0,0,0
2019-06-22,15,28,22,59,83,71,0,0,0,0,0,0
2019-06-23,14,29,22,58,84,71,0,0,0,0,0,0
2019-06-24,14,24,19,57,76,66,0,0,0,0,0,0
2019-06-25,13,23,18,55,74,64,0,0,0,0,0,0
2019-06-26,13,20,17,55,68,62,0,0,0,0,0,0
2019-06-27,13,21,17,56,69,62,0,0,0,0,0,0
2019-06-28,12,22,17,53,72,62,0,0,0,0,0,0
2019-06-29,12,22,17,54,71,62,0,0,0,0,0,0
2019-06-30,12,22,17,54,72,63,0,0,0,0,0,0
2019-07-01,13,21,17,55,70,62,0,0,0,0,0,0
2019-07-02,12,21,16,53,69,61,0,0,0,0,0,0
2019-07-03,12,22,17,54,71,62,0,0,0,0,0,0
2019-07-04,12,22,17,54,71,62,0,0,0,0,0,0
2019-07-05,12,23,18,54,74,64,0,0,0,0,0,0
2019-07-06,13,24,18,55,75,65,0,0,0,0,0,0
2019-07-07,13,25,19,55,77,66,0,0,0,0,0,0
2019-07-08,13,25,19,55,77,66,0,0,0,0,0,0
2019-07-09,13,25,19,55,77,66,0,0,0,0,0,0
2019-07-10,13,25,19,55,77,66,0,0,0,0,0,0
2019-07-11,13,25,19,55,77,66,0,0,0,0,0,0
2019-07-12,13,25,19,55,77,66,0,0,0,0,0,0
2019-07-13,13,25,19,55,77,66,0,0,0,0,0,0
